,hh_id,migrations,wealth,num_shocked,wtp,wta,found_work,tick
0,1,0,28833423.130208325,0,17574.393265296276,20000.0,0,19
0,2,0,14176341.551795961,0,18653.520576265786,20000.0,0,19
0,3,0,3596068.987851899,0,17691.968353091816,20000.0,0,19
0,4,1,9146773.03283462,1,18104.485961063918,20000.0,0,19
0,5,0,24697513.722482204,0,18415.739550632257,20000.0,0,19
0,6,0,7044857.418207674,0,17073.4120024359,20000.0,0,19
0,7,1,10110038.021576852,1,16061.547364783211,20000.0,0,19
0,8,0,12628833.373411508,0,17067.859005803857,20000.0,0,19
0,9,0,25071697.35878158,0,18433.70835414118,20000.0,0,19
0,10,0,23414266.139491186,0,18366.791104201817,20000.0,0,19
0,11,1,7971620.147261985,1,16490.283227204844,20000.0,0,19
0,12,0,7182994.750660832,0,17346.14027992183,20000.0,0,19
0,13,1,5947623.665654942,1,17716.615626172097,20000.0,0,19
0,14,0,12766952.573481081,0,16895.63093982696,20000.0,0,19
0,15,0,26090839.03375225,0,17745.137473375336,20000.0,0,19
0,16,1,3902214.820323291,1,18683.821790309295,20000.0,0,19
0,17,0,19830641.870990805,0,17602.1701860488,20000.0,0,19
0,18,0,10524921.993247826,0,16588.244756075706,20000.0,0,19
0,19,0,10252572.107657589,0,16413.976961599634,20000.0,0,19
0,20,0,7759581.410468243,0,17760.41743490615,20000.0,0,19
0,21,1,18173766.31920614,1,16990.047472525286,20000.0,0,19
0,22,0,10099162.34722224,0,16609.26821842373,20000.0,0,19
0,23,0,6308564.904771616,0,17734.98600813705,20000.0,0,19
0,24,0,36779255.67321729,0,17063.89286843877,20000.0,0,19
0,25,0,24508802.70281713,0,17037.502820041525,20000.0,0,19
0,26,0,23587405.057726834,0,18016.162520821672,20000.0,0,19
0,27,0,25463487.375760082,0,16565.33575998434,20000.0,0,19
0,28,0,22946479.39990579,0,17890.192357801472,20000.0,0,19
0,29,0,19848760.606323387,0,18253.54114597433,20000.0,0,19
0,30,0,23671052.33502781,0,18077.561055112965,20000.0,0,19
0,31,1,3104777.1644385722,1,17420.82087400744,20000.0,0,19
0,32,0,14685901.293064585,0,17037.04759635835,20000.0,0,19
0,33,0,10078390.810486283,0,18179.045474246734,20000.0,0,19
0,34,1,1099681.944149762,0,16960.107863081554,20000.0,0,19
0,35,0,35574385.43537402,0,17424.96970431931,20000.0,0,19
0,36,0,1852422.8507569295,0,16700.93500892171,20000.0,0,19
0,37,1,1162174.8051142453,1,16709.95623839067,20000.0,0,19
0,38,0,5654340.8454573415,0,17870.130881262987,20000.0,0,19
0,39,0,19220251.510168016,0,17105.9151041685,20000.0,0,19
0,40,0,33866225.46604315,0,17799.410779462836,20000.0,0,19
0,41,0,25777726.48478128,0,16896.560356710703,20000.0,0,19
0,42,1,4898595.6520500025,1,18221.889708857027,20000.0,0,19
0,43,0,263549.155634313,0,16336.561416315639,20000.0,0,19
0,44,0,13314238.54989531,0,17599.736856662068,20000.0,0,19
0,45,0,21915965.545716085,0,17652.35568617789,20000.0,0,19
0,46,0,19214533.375466753,0,17596.273129804333,20000.0,0,19
0,47,0,337081.9714900622,0,17164.08065011875,20000.0,0,19
0,48,0,13805864.978145944,0,17055.44653106146,20000.0,0,19
0,49,0,22362181.102933392,0,18678.849527495524,20000.0,0,19
0,50,0,6015457.272094005,0,16110.510769050506,20000.0,0,19
0,51,0,10980161.292127537,0,17121.80155345792,20000.0,0,19
0,52,0,5601765.799315156,0,17961.92499696163,20000.0,0,19
0,53,0,13593949.323939474,0,17916.98000534317,20000.0,0,19
0,54,0,14898835.93590127,0,16386.196918974052,20000.0,0,19
0,55,0,14567755.41669369,0,16937.65226934372,20000.0,0,19
0,56,0,11323810.234296622,0,17249.667318001182,20000.0,0,19
0,57,0,12419864.968689619,0,18088.319137053273,20000.0,0,19
0,58,1,6465863.455880242,1,17031.811882248538,20000.0,0,19
0,59,0,4777086.513830486,0,16839.819700464497,20000.0,0,19
0,60,0,10357211.41441071,0,16406.776299270357,20000.0,0,19
0,61,0,20927771.631183486,0,17830.70885798043,20000.0,0,19
0,62,1,6404453.063877759,1,17866.16022313702,20000.0,0,19
0,63,0,23854974.113038745,0,18189.83102492864,20000.0,0,19
0,64,0,1260728.3622804247,0,17253.217419457633,20000.0,0,19
0,65,0,17445844.88498185,0,17274.038799510843,20000.0,0,19
0,66,1,11149741.157535529,1,16908.240380919557,20000.0,0,19
0,67,1,4990875.98198155,1,18747.81904601491,20000.0,0,19
0,68,0,29254417.877333056,0,18186.612234388325,20000.0,0,19
0,69,0,19579849.676322285,0,17722.184739351578,20000.0,0,19
0,70,0,7517440.71067919,0,17216.83219945038,20000.0,0,19
0,71,0,13731682.501895787,0,15813.482912501044,20000.0,0,19
0,72,0,12213136.845743971,0,18552.06221971497,20000.0,0,19
0,73,1,2416988.597853548,1,17954.188810694788,20000.0,0,19
0,74,0,25668692.03211038,0,17783.181786169007,20000.0,0,19
0,75,0,14404849.381758438,0,17709.910708650277,20000.0,0,19
0,76,0,6603953.594514189,0,17496.789455717462,20000.0,0,19
0,77,0,2139843.3854486994,0,17996.98305852256,20000.0,0,19
0,78,0,5289295.1769638825,1,18746.74052115185,20000.0,0,19
0,79,1,7930131.982857044,1,16896.824005017887,20000.0,0,19
0,80,0,11208087.342285657,0,18228.58953601709,20000.0,0,19
0,81,1,5648983.98802332,1,16850.95971292942,20000.0,0,19
0,82,0,12090677.529789753,0,16546.807450166456,20000.0,0,19
0,83,0,9409711.717915738,0,16796.29241968737,20000.0,0,19
0,84,1,4170551.101689774,1,17040.143642601306,20000.0,0,19
0,85,0,6298510.115749765,0,16786.99791352952,20000.0,0,19
0,86,0,17229810.08062336,0,15867.036702940923,20000.0,0,19
0,87,0,12531168.423013905,0,18582.282105386206,20000.0,0,19
0,88,1,4986679.397271412,1,18094.57434034403,20000.0,0,19
0,89,0,16839198.729283597,0,18387.055289622436,20000.0,0,19
0,90,1,8815105.087068077,1,16959.637279033017,20000.0,0,19
0,91,0,24450904.62449567,0,17435.728314249056,20000.0,0,19
0,92,0,3899186.449359246,1,16739.52169535294,20000.0,0,19
0,93,0,16149241.889602331,0,17242.87015661159,20000.0,0,19
0,94,0,1024486.4672088309,0,18420.637035949203,20000.0,0,19
0,95,0,21752834.752254397,0,18108.30913336938,20000.0,0,19
0,96,0,8034035.389369791,0,18318.557984118463,20000.0,0,19
0,97,0,14828898.443080988,0,16699.209491449266,20000.0,0,19
0,98,1,0.0,0,16392.275645222497,20000.0,0,19
0,99,1,4196569.191158214,1,16420.501673618473,20000.0,0,19
0,100,0,8279836.8280644985,0,18201.77270733354,20000.0,0,19
0,1,1,3533132.8537112246,1,16642.809316513532,20000.0,0,19
0,2,0,9883603.781661406,0,16945.29971841625,20000.0,0,19
0,3,0,8804988.060072854,0,17687.347504030884,20000.0,0,19
0,4,0,12631452.325665256,0,18751.83714037876,20000.0,0,19
0,5,0,28455324.701448824,0,17908.343849533612,20000.0,0,19
0,6,0,14314994.823750043,0,17930.3852493112,20000.0,0,19
0,7,0,1884744.984846215,1,17399.63805819878,20000.0,0,19
0,8,1,4147851.4066244205,1,17170.367125519337,20000.0,0,19
0,9,0,2198682.528471825,1,17652.81046943932,20000.0,0,19
0,10,1,468260.750658924,1,16765.585331851686,20000.0,0,19
0,11,0,13300717.280468624,0,16948.849124994587,20000.0,0,19
0,12,1,1353280.644740369,2,16692.875631815532,20000.0,0,19
0,13,0,10877348.470949356,0,16989.071223320956,20000.0,0,19
0,14,1,6964866.210637845,1,18792.38543295017,20000.0,0,19
0,15,1,345523.38151541806,3,17586.665005290663,20000.0,0,19
0,16,1,4414351.63307899,1,17217.449069551494,20000.0,0,19
0,17,1,10919022.62618973,1,17332.834757523597,20000.0,0,19
0,18,0,28541759.86944498,1,18048.64866519242,20000.0,0,19
0,19,0,12613737.172736874,0,18584.594193097477,20000.0,0,19
0,20,1,12052578.507925596,1,16918.629763176992,20000.0,0,19
0,21,0,15141645.483331813,1,16824.80260658324,20000.0,0,19
0,22,0,14010359.21813212,1,18608.60727266915,20000.0,0,19
0,23,0,1976015.2505445322,0,17072.403870742633,20000.0,0,19
0,24,1,11727359.889504371,1,16994.016711747405,20000.0,0,19
0,25,0,16900295.458066214,1,17849.12350587812,20000.0,0,19
0,26,0,4909584.710392961,0,17510.491443296316,20000.0,0,19
0,27,0,23945083.123773713,0,18256.5468981221,20000.0,0,19
0,28,0,15461459.680070607,1,18015.042596407682,20000.0,0,19
0,29,1,0.0,0,15340.040954060494,20000.0,0,19
0,30,1,2982803.3648464065,1,16875.136287596215,20000.0,0,19
0,31,2,1933897.024160218,2,16745.6166266635,20000.0,0,19
0,32,0,8749543.88438152,0,15867.816418673934,20000.0,0,19
0,33,1,7706526.366530624,1,17494.664445894374,20000.0,0,19
0,34,0,8931541.61766471,0,18675.862776395305,20000.0,0,19
0,35,0,20431932.48163549,0,16463.822019218438,20000.0,0,19
0,36,0,21214328.561164666,0,16735.34155897842,20000.0,0,19
0,37,0,12705688.777472029,0,17310.737664085296,20000.0,0,19
0,38,2,83858.15843743781,0,17886.959372186957,20000.0,0,19
0,39,0,15306977.6021995,0,16581.970562519215,20000.0,0,19
0,40,1,14646425.426787375,1,18129.45087933112,20000.0,0,19
0,41,0,21494218.370696757,0,16844.061251997013,20000.0,0,19
0,42,0,7271731.478373182,0,17534.556208263864,20000.0,0,19
0,43,1,8806743.164895568,1,16480.57544934204,20000.0,0,19
0,44,1,690333.3678366389,1,16430.76063476948,20000.0,0,19
0,45,1,6243442.469378593,1,18033.281644066894,20000.0,0,19
0,46,3,2140329.5144441547,4,16711.41905931724,20000.0,0,19
0,47,0,22865287.4411497,0,18196.7012433801,20000.0,0,19
0,48,1,28878624.222893585,1,17120.933254015086,20000.0,0,19
0,49,1,20584161.7388135,1,16496.652718969104,20000.0,0,19
0,50,0,2420276.133303816,0,17667.94299520598,20000.0,0,19
0,51,0,9357942.943215145,0,16845.89411795247,20000.0,0,19
0,52,2,9873373.534667969,2,17393.67845900215,20000.0,0,19
0,53,1,7703540.227288504,2,16250.182233799887,20000.0,0,19
0,54,1,4715516.710737898,1,17104.427296702404,20000.0,0,19
0,55,0,10301637.271392712,0,16945.994661264725,20000.0,0,19
0,56,1,1379426.3412212285,2,17054.636681859985,20000.0,0,19
0,57,0,6999851.326910882,0,17306.44395133134,20000.0,0,19
0,58,0,10909029.336799618,0,18534.30758574437,20000.0,0,19
0,59,1,17467250.7309979,1,18133.570175901797,20000.0,0,19
0,60,0,6241142.024448702,0,18543.781934053033,20000.0,0,19
0,61,0,14800526.22029604,0,18611.065420828567,20000.0,0,19
0,62,0,6973544.548317449,0,18375.93516609827,20000.0,0,19
0,63,2,3996858.943639556,2,17763.084960845976,20000.0,0,19
0,64,1,7400466.706356273,2,16590.26766944667,20000.0,0,19
0,65,1,2059460.3102904297,3,17012.433464502003,20000.0,0,19
0,66,0,13998695.131456401,0,16271.818205818567,20000.0,0,19
0,67,1,1654365.2071366843,1,15967.205149853866,20000.0,0,19
0,68,0,6460899.683363875,1,18097.49294076159,20000.0,0,19
0,69,0,18520957.141733848,0,17194.139112593908,20000.0,0,19
0,70,0,26582388.644436967,0,17704.6030440021,20000.0,0,19
0,71,0,13932774.822364688,0,18091.82902944061,20000.0,0,19
0,72,0,2468080.1077943738,1,17857.966632445823,20000.0,0,19
0,73,0,7214622.193656071,0,17767.728131157393,20000.0,0,19
0,74,0,5856808.061083565,1,17342.705772092722,20000.0,0,19
0,75,0,6568946.845840316,0,17772.49505912738,20000.0,0,19
0,76,1,10978535.06530836,1,18284.179810173784,20000.0,0,19
0,77,0,18713625.931565695,0,17681.673842459855,20000.0,0,19
0,78,1,3084640.6997673325,1,17908.910566576873,20000.0,0,19
0,79,1,1584623.7237763563,1,17469.666234243952,20000.0,0,19
0,80,1,17503435.847521722,1,18193.269140370736,20000.0,0,19
0,81,0,2507893.044014016,1,17736.33392247874,20000.0,0,19
0,82,1,9724906.304371536,1,18321.58579511753,20000.0,0,19
0,83,0,18046630.488506652,0,16832.318358167595,20000.0,0,19
0,84,0,12990543.548975334,0,18150.71153009189,20000.0,0,19
0,85,1,4785510.739145276,1,18306.43972424412,20000.0,0,19
0,86,0,11701283.712674811,1,16669.83093395208,20000.0,0,19
0,87,1,4407299.1019342635,1,18125.32236256503,20000.0,0,19
0,88,0,2283179.6243307255,0,16877.7319461362,20000.0,0,19
0,89,0,22041350.463341307,0,16650.739125423614,20000.0,0,19
0,90,0,42282447.126186445,0,17471.313754167106,20000.0,0,19
0,91,0,735735.0869993509,1,16765.756526097346,20000.0,0,19
0,92,0,12864919.24658274,0,16893.58474725431,20000.0,0,19
0,93,1,730519.8971012846,2,18464.150808816412,20000.0,0,19
0,94,1,5087782.318036258,2,18492.68020297624,20000.0,0,19
0,95,0,421491.7316905882,3,17448.973146275926,20000.0,0,19
0,96,0,27016182.95644863,0,16833.05669571134,20000.0,0,19
0,97,1,2064337.212722403,1,18114.14014628709,20000.0,0,19
0,98,1,10754.18968892745,3,15745.950190919206,20000.0,0,19
0,99,1,11127308.65402464,2,18279.90815088786,20000.0,0,19
0,100,0,25493749.94413341,1,17065.639918740082,20000.0,0,19
0,1,0,10831684.604999447,1,18140.616031994905,20000.0,0,19
0,2,0,36418601.38991917,0,17670.42005084728,20000.0,0,19
0,3,0,2473430.3788434817,0,17849.057689703128,20000.0,0,19
0,4,0,11137945.985695349,0,18135.33112306326,20000.0,0,19
0,5,1,2283022.4860593816,1,18004.44723774246,20000.0,0,19
0,6,1,7162534.16762588,1,16813.264785418305,20000.0,0,19
0,7,0,4065801.4620934958,0,17766.5583111801,20000.0,0,19
0,8,1,5497418.6889381185,1,16156.771514194397,20000.0,0,19
0,9,1,19529269.80859055,1,16845.39808701401,20000.0,0,19
0,10,2,5324347.916191647,2,18003.54550417644,20000.0,0,19
0,11,0,27203150.34795801,0,17500.739934475798,20000.0,0,19
0,12,0,7215663.144964421,0,17429.2130353223,20000.0,0,19
0,13,0,18383470.17732257,0,18522.478512448994,20000.0,0,19
0,14,0,6327890.483856707,0,17236.05793705941,20000.0,0,19
0,15,2,5706762.676245666,2,16913.505085820085,20000.0,0,19
0,16,1,12943910.55949089,1,18448.556429394168,20000.0,0,19
0,17,2,2481849.312820153,2,17159.624659555997,20000.0,0,19
0,18,2,1459890.5182284655,3,18260.700724349856,20000.0,0,19
0,19,0,6753080.372692656,0,16838.54295056692,20000.0,0,19
0,20,0,11328095.483292596,0,17265.72409648784,20000.0,0,19
0,21,0,10491862.383318657,0,16068.772913600513,20000.0,0,19
0,22,0,12842628.290006896,0,18476.517419885833,20000.0,0,19
0,23,2,13707053.292263206,2,17507.281821691,20000.0,0,19
0,24,0,28145418.001849458,0,17774.688729262845,20000.0,0,19
0,25,1,1555847.5450035564,1,16230.9417281161,20000.0,0,19
0,26,0,21968616.53630779,0,17446.486498124752,20000.0,0,19
0,27,1,4067589.031230063,1,17181.526816583148,20000.0,0,19
0,28,0,9493428.607464686,0,17300.718288424217,20000.0,0,19
0,29,0,2256438.9395332453,0,18746.881647217964,20000.0,0,19
0,30,2,3329774.01207027,2,17073.657568329265,20000.0,0,19
0,31,1,2746560.2668636325,1,17990.573361564202,20000.0,0,19
0,32,0,10963062.77134289,0,17314.70961122041,20000.0,0,19
0,33,1,6437517.193001603,1,16437.66446286728,20000.0,0,19
0,34,0,13857518.8403578,0,18184.247999353105,20000.0,0,19
0,35,2,32446.4192554541,1,15768.95873711237,20000.0,0,19
0,36,0,1662610.752065536,1,16376.43606045169,20000.0,0,19
0,37,0,12466246.692499623,0,16708.185117345143,20000.0,0,19
0,38,0,11467350.60628392,0,17446.860339183644,20000.0,0,19
0,39,1,870538.6602091886,1,17153.647175050268,20000.0,0,19
0,40,0,8045974.234159593,0,16345.131221726586,20000.0,0,19
0,41,2,443909.73274669144,2,17187.4577441076,20000.0,0,19
0,42,0,18933522.292542096,0,16889.499079686517,20000.0,0,19
0,43,1,10250571.58109155,1,17712.24174475577,20000.0,0,19
0,44,0,18442176.422807697,0,18555.979868432718,20000.0,0,19
0,45,0,7114727.645184829,0,17228.183028155945,20000.0,0,19
0,46,0,25003728.548298854,0,17629.81345535898,20000.0,0,19
0,47,3,6994559.212964789,3,18164.27987518973,20000.0,0,19
0,48,1,5551772.124224639,1,16484.57575645815,20000.0,0,19
0,49,0,971089.902101076,0,17951.050356046126,20000.0,0,19
0,50,1,644203.8461140663,1,17993.984683988558,20000.0,0,19
0,51,2,3075315.512125581,2,17754.246398020994,20000.0,0,19
0,52,0,7127914.406094629,0,16781.21364520996,20000.0,0,19
0,53,1,12277018.80847204,1,18225.983663293537,20000.0,0,19
0,54,0,32420999.88153629,0,17765.31976758869,20000.0,0,19
0,55,0,26226834.30616305,0,18510.664359731752,20000.0,0,19
0,56,0,12954576.979263442,0,17896.624487674144,20000.0,0,19
0,57,1,18779164.901478264,1,18363.947167166527,20000.0,0,19
0,58,0,3926085.656510779,1,16309.873040456692,20000.0,0,19
0,59,0,23742301.21723661,0,18680.622249638964,20000.0,0,19
0,60,0,7363564.028601756,0,18559.04361846071,20000.0,0,19
0,61,0,12187873.982803075,0,17056.469614724498,20000.0,0,19
0,62,1,13841398.816843448,1,16828.65965446833,20000.0,0,19
0,63,1,12573668.315374663,1,17888.02245757712,20000.0,0,19
0,64,0,8295611.669829345,0,17498.952533368978,20000.0,0,19
0,65,1,27900562.418212723,1,18006.70662211538,20000.0,0,19
0,66,1,7595150.993797963,1,18617.49445593246,20000.0,0,19
0,67,2,6450287.686466559,2,16933.353124993395,20000.0,0,19
0,68,0,14159333.704745833,0,17906.369217626598,20000.0,0,19
0,69,0,15073008.498026494,0,18035.435753488502,20000.0,0,19
0,70,0,9355611.583686812,1,18592.685972811352,20000.0,0,19
0,71,0,6555883.889317655,0,18369.73974876177,20000.0,0,19
0,72,1,4009244.719378056,1,17522.192859462484,20000.0,0,19
0,73,0,21402940.60847289,0,16510.364314370137,20000.0,0,19
0,74,0,6841100.532832374,1,18407.64437426853,20000.0,0,19
0,75,2,2980020.4814567035,2,16769.315317637633,20000.0,0,19
0,76,2,5779199.336804511,2,17693.497360826015,20000.0,0,19
0,77,3,2240895.7943636044,3,18406.3073311482,20000.0,0,19
0,78,0,17531057.84277672,0,18471.504212718224,20000.0,0,19
0,79,0,11878206.87376942,0,18010.918424340955,20000.0,0,19
0,80,0,18743165.376724653,0,17385.476964171005,20000.0,0,19
0,81,1,15140583.536290484,2,16933.80203401913,20000.0,0,19
0,82,0,13842116.332266307,0,17337.996809792374,20000.0,0,19
0,83,0,21167189.67606664,0,16336.788310911252,20000.0,0,19
0,84,0,15648848.579587117,0,16788.188350877277,20000.0,0,19
0,85,0,8812295.418370586,0,18460.180588325464,20000.0,0,19
0,86,0,6249212.36693108,0,17608.981392234276,20000.0,0,19
0,87,0,16849641.61606571,0,18511.38206372293,20000.0,0,19
0,88,0,13736738.888922395,0,16980.611633919638,20000.0,0,19
0,89,0,23840343.748840258,0,18462.925994664332,20000.0,0,19
0,90,2,7454872.576325818,2,18826.920579617403,20000.0,0,19
0,91,0,9678744.253907902,0,18024.523860452064,20000.0,0,19
0,92,1,4458498.075772191,1,18102.505069696334,20000.0,0,19
0,93,1,11586907.312778383,1,18640.68694346688,20000.0,0,19
0,94,1,2712409.8977574217,1,17755.153242458953,20000.0,0,19
0,95,1,11237150.945839392,1,17853.603712792446,20000.0,0,19
0,96,1,780136.8198764222,1,18128.26261243443,20000.0,0,19
0,97,1,5853268.9639318,1,16754.49496537411,20000.0,0,19
0,98,0,7087831.238501105,1,18401.306912010572,20000.0,0,19
0,99,2,8147752.348594033,2,18332.090745031317,20000.0,0,19
0,100,0,13548483.293629862,0,18386.06312884864,20000.0,0,19
0,1,1,12716793.719162233,1,18064.129509733713,20000.0,0,19
0,2,0,22312272.611224156,0,16844.461086639072,20000.0,0,19
0,3,0,5304337.908841444,0,17352.288264918498,20000.0,0,19
0,4,0,10310896.297441248,0,15756.10036896117,20000.0,0,19
0,5,0,11829402.143598603,0,16723.795711684183,20000.0,0,19
0,6,0,13129777.732155554,0,18103.50745954675,20000.0,0,19
0,7,0,9296038.652877541,0,17364.90655286857,20000.0,0,19
0,8,0,9831113.685309226,0,16830.477145755118,20000.0,0,19
0,9,0,21422695.426905736,0,17540.073112100636,20000.0,0,19
0,10,0,8661537.08346398,0,17017.006150904668,20000.0,0,19
0,11,0,5524579.903226827,0,15922.241646538325,20000.0,0,19
0,12,0,7916754.965475899,0,16826.9565122904,20000.0,0,19
0,13,0,10911626.494486373,1,17688.019761915144,20000.0,0,19
0,14,1,25851090.592537645,1,17988.844930994073,20000.0,0,19
0,15,0,11902923.65288052,0,18332.922980555464,20000.0,0,19
0,16,0,22818179.469957933,0,17967.632108435126,20000.0,0,19
0,17,0,1562002.4512463734,0,16913.671093348345,20000.0,0,19
0,18,0,7894222.092598605,0,18018.959401355994,20000.0,0,19
0,19,0,9917382.979760583,0,17633.459165735203,20000.0,0,19
0,20,0,16706914.526482893,0,17366.028830773183,20000.0,0,19
0,21,0,8668047.889842348,0,18157.850624812832,20000.0,0,19
0,22,0,20415682.062278524,0,17750.024831076975,20000.0,0,19
0,23,0,13792722.261659892,0,18383.621706602207,20000.0,0,19
0,24,0,22323727.05544662,0,16848.436233947185,20000.0,0,19
0,25,0,8959392.186140677,0,17126.01185884952,20000.0,0,19
0,26,0,36829806.23421609,0,17074.92823181614,20000.0,0,19
0,27,0,19176385.035413366,0,18511.055043668533,20000.0,0,19
0,28,0,12421744.115256958,0,17946.144697177246,20000.0,0,19
0,29,0,24177390.012467645,0,17194.27062185458,20000.0,0,19
0,30,0,10854002.055985192,0,17737.247130326843,20000.0,0,19
0,31,0,12071060.774683643,0,16920.978842449487,20000.0,0,19
0,32,0,15562944.039256997,1,18695.640615415792,20000.0,0,19
0,33,0,17371767.070477314,0,17610.156049490502,20000.0,0,19
0,34,0,6322632.765616445,0,16830.258697570975,20000.0,0,19
0,35,0,18419225.140887685,0,16492.91182024096,20000.0,0,19
0,36,0,1542274.7840504944,0,16583.04548513098,20000.0,0,19
0,37,0,3424499.568738259,1,18457.742550383267,20000.0,0,19
0,38,0,5207603.10174294,0,17038.239920076496,20000.0,0,19
0,39,1,2181023.0435985904,1,18428.002725951337,20000.0,0,19
0,40,0,17223746.555227358,0,17472.07762734773,20000.0,0,19
0,41,0,9866285.586445626,0,16302.378531898297,20000.0,0,19
0,42,0,3557743.894921008,0,17010.365047870735,20000.0,0,19
0,43,0,7703480.971080124,0,18420.064805168535,20000.0,0,19
0,44,0,17478272.759365223,0,16621.23492974462,20000.0,0,19
0,45,0,15213773.027300814,0,17171.946153889017,20000.0,0,19
0,46,0,6748030.321493348,0,17529.712643461044,20000.0,0,19
0,47,0,26049383.348035995,0,17238.257358560226,20000.0,0,19
0,48,0,17622189.72401567,0,16781.088403889702,20000.0,0,19
0,49,0,21089646.411411412,0,17970.159712617547,20000.0,0,19
0,50,0,11093893.721240688,0,16820.087702614437,20000.0,0,19
0,51,0,26024125.900939897,0,17018.250203257998,20000.0,0,19
0,52,0,13028733.562947804,0,18229.554817555247,20000.0,0,19
0,53,0,6554253.708270138,0,16349.923135121237,20000.0,0,19
0,54,0,18772892.707364336,0,17387.765682983067,20000.0,0,19
0,55,0,2416340.5428156457,0,17717.78933789433,20000.0,0,19
0,56,0,14593259.947604064,0,16488.770207483343,20000.0,0,19
0,57,0,2173644.7239764887,0,18582.885948259824,20000.0,0,19
0,58,0,1770008.9046495603,0,18245.480698322284,20000.0,0,19
0,59,0,9384453.376027063,0,17850.661827055683,20000.0,0,19
0,60,0,20180365.7957299,0,17248.74229457051,20000.0,0,19
0,61,1,137552.62701425888,1,17126.036464920206,20000.0,0,19
0,62,0,14061597.994371396,0,16735.880905712587,20000.0,0,19
0,63,0,33828935.04696766,0,18477.571968192395,20000.0,0,19
0,64,0,20185076.981062315,0,17233.835473788742,20000.0,0,19
0,65,1,4301061.033844887,1,17655.340822813967,20000.0,0,19
0,66,0,19690484.6949788,0,17806.20797469953,20000.0,0,19
0,67,0,14826985.924313063,0,17120.539308500574,20000.0,0,19
0,68,0,20102719.624451548,0,17080.622685682814,20000.0,0,19
0,69,0,5664829.783115423,0,16220.668480620825,20000.0,0,19
0,70,0,17889691.1064854,0,16989.336894969678,20000.0,0,19
0,71,0,15445068.019331431,0,17338.430178472663,20000.0,0,19
0,72,0,29182662.7357833,0,17727.53792653845,20000.0,0,19
0,73,0,1311072.7968019345,0,17143.675407805425,20000.0,0,19
0,74,0,7902227.930555483,0,17158.16970388898,20000.0,0,19
0,75,0,14066002.796807181,0,16923.826782473512,20000.0,0,19
0,76,0,2898175.934619178,0,16346.382551995755,20000.0,0,19
0,77,0,11881628.441984564,0,16785.785361257378,20000.0,0,19
0,78,0,8751376.042105544,0,17326.91756881606,20000.0,0,19
0,79,0,12912747.25674958,0,17359.79243006533,20000.0,0,19
0,80,0,6696588.41605369,0,17714.54982412701,20000.0,0,19
0,81,0,6066693.451858323,1,18044.077588159173,20000.0,0,19
0,82,0,1641823.2799229363,1,18567.256083831162,20000.0,0,19
0,83,0,7598721.243914835,0,18404.444455963883,20000.0,0,19
0,84,0,1450047.085939177,0,18536.815355114126,20000.0,0,19
0,85,0,14237890.058725895,1,17552.124946980897,20000.0,0,19
0,86,0,13814384.618048016,0,18694.817917364744,20000.0,0,19
0,87,0,11971289.537240686,0,17396.561469092856,20000.0,0,19
0,88,1,939389.367188041,0,16127.410145048474,20000.0,0,19
0,89,0,4335602.591276147,0,17479.89313596405,20000.0,0,19
0,90,0,756002.0695032475,0,16812.08326643845,20000.0,0,19
0,91,1,12410562.608965503,1,18062.752499450908,20000.0,0,19
0,92,0,25990885.20840622,0,18608.27323164935,20000.0,0,19
0,93,0,8507209.066999609,0,18670.686496777096,20000.0,0,19
0,94,0,8444440.485629326,0,17792.25660648476,20000.0,0,19
0,95,1,12858340.835265238,1,17491.50637668581,20000.0,0,19
0,96,0,6398930.045006956,0,16588.924467375422,20000.0,0,19
0,97,0,7289463.8018492665,0,18427.71636066845,20000.0,0,19
0,98,0,12029713.200683989,0,17464.463150046187,20000.0,0,19
0,99,0,15609601.60458141,0,17001.412415644194,20000.0,0,19
0,100,0,5416403.17797246,0,17194.21261650873,20000.0,0,19
0,1,0,8430175.286564747,0,18481.26369984814,20000.0,0,19
0,2,1,8090477.721516799,1,17758.4604931153,20000.0,0,19
0,3,0,1966306.7159132063,0,17661.792084221874,20000.0,0,19
0,4,2,23521.72762839147,0,15533.674479641357,20000.0,0,19
0,5,0,2365245.8932721014,0,17281.15665410464,20000.0,0,19
0,6,1,13327822.057488557,1,18612.729928575165,20000.0,0,19
0,7,1,7205692.672171996,1,17208.716652133673,20000.0,0,19
0,8,1,11599279.893457158,1,16957.083842316642,20000.0,0,19
0,9,0,7309193.836164469,0,16822.645229627276,20000.0,0,19
0,10,1,1893141.031504367,1,18176.941216204188,20000.0,0,19
0,11,1,15500369.945739446,1,17226.87536611358,20000.0,0,19
0,12,0,20221026.29558352,0,18243.757763929596,20000.0,0,19
0,13,1,13323978.761585988,2,17541.096458847325,20000.0,0,19
0,14,1,1517869.5978650835,1,16773.57983797444,20000.0,0,19
0,15,1,1863274.3476824544,1,18539.285684204635,20000.0,0,19
0,16,1,8063608.232771894,1,17031.532448452537,20000.0,0,19
0,17,0,15884630.74721248,0,16644.68833275232,20000.0,0,19
0,18,0,13690350.808442961,0,18130.234556438805,20000.0,0,19
0,19,0,8288501.871704278,0,18229.879744741233,20000.0,0,19
0,20,0,25510348.03400934,0,17684.383606073985,20000.0,0,19
0,21,1,9680322.066814585,1,17971.085777777957,20000.0,0,19
0,22,1,12231012.56623201,1,18153.30446073872,20000.0,0,19
0,23,4,302198.0651114176,3,15194.838828914239,20000.0,0,19
0,24,0,1315820.2258518913,0,17635.29797889369,20000.0,0,19
0,25,2,1735003.442783754,2,17725.527204570477,20000.0,0,19
0,26,1,14577775.69319896,1,17514.25822849814,20000.0,0,19
0,27,1,7184575.021245731,1,18120.866402589756,20000.0,0,19
0,28,1,7716119.603453503,1,18319.239586496322,20000.0,0,19
0,29,2,599375.5581481704,0,15621.392891772988,20000.0,0,19
0,30,0,1061645.8664816215,1,16272.4270265253,20000.0,0,19
0,31,0,2599601.889213303,0,18514.96577716662,20000.0,0,19
0,32,1,5315344.985827951,1,16365.194319252667,20000.0,0,19
0,33,2,5801849.825716436,2,18191.44041018664,20000.0,0,19
0,34,1,6520325.688113324,1,17366.603325130738,20000.0,0,19
0,35,0,18376518.88078112,0,17800.077154342005,20000.0,0,19
0,36,0,7149163.048152777,0,17584.614638463423,20000.0,0,19
0,37,2,4501789.525789373,2,16933.662333585595,20000.0,0,19
0,38,0,1500620.4969007054,1,17982.01986682668,20000.0,0,19
0,39,0,3116051.5955815488,0,18217.86257000527,20000.0,0,19
0,40,0,4349959.823145681,0,16888.505533663454,20000.0,0,19
0,41,0,15640358.616794107,0,16492.791743896803,20000.0,0,19
0,42,0,0.0,0,16235.028103792618,20000.0,0,19
0,43,0,19699387.35657756,0,17167.752361629027,20000.0,0,19
0,44,0,22393425.896890555,0,18374.91580715092,20000.0,0,19
0,45,0,29094545.200736456,0,17868.451966865883,20000.0,0,19
0,46,1,12068604.369648341,1,17270.323913946097,20000.0,0,19
0,47,2,596581.1522884471,3,18613.27621995051,20000.0,0,19
0,48,1,10956657.519834073,1,18025.292491941065,20000.0,0,19
0,49,0,21273507.520912677,0,17793.320272564328,20000.0,0,19
0,50,1,14946136.195880154,1,16584.165669753023,20000.0,0,19
0,51,0,1249996.6075771495,0,17100.256277835495,20000.0,0,19
0,52,1,9429272.129152913,2,18171.460567372535,20000.0,0,19
0,53,1,9719341.465959359,1,17638.21447911419,20000.0,0,19
0,54,0,16962506.759741634,0,17602.8702574447,20000.0,0,19
0,55,0,14346664.957349721,0,17674.003313336823,20000.0,0,19
0,56,0,32328834.395440076,0,17517.936832894487,20000.0,0,19
0,57,0,5577573.994628744,1,17307.370300033796,20000.0,0,19
0,58,1,14368844.37071307,1,18274.567532275767,20000.0,0,19
0,59,1,11444282.399286477,1,18175.867050926252,20000.0,0,19
0,60,0,2018151.780212548,0,17634.91737314737,20000.0,0,19
0,61,0,11119416.098245008,0,18431.085601283597,20000.0,0,19
0,62,3,309054.26887510874,2,16653.55943828628,20000.0,0,19
0,63,1,3351397.192837995,1,18450.702945390523,20000.0,0,19
0,64,0,6735885.576221662,0,17831.206321132875,20000.0,0,19
0,65,0,9536919.52183224,0,16973.10120016888,20000.0,0,19
0,66,1,5260959.232670028,1,17000.377692555958,20000.0,0,19
0,67,1,1762771.3931218777,1,18016.74744570231,20000.0,0,19
0,68,1,2592577.9617142654,1,18006.781133335535,20000.0,0,19
0,69,1,16201759.040782275,1,17604.173558549697,20000.0,0,19
0,70,1,16415989.351615561,1,18637.961713292767,20000.0,0,19
0,71,0,1684948.6652095881,1,16508.64061929288,20000.0,0,19
0,72,0,3035847.131907477,0,18860.312359892607,20000.0,0,19
0,73,1,13906543.1811434,1,16852.996536130144,20000.0,0,19
0,74,0,19966452.00867554,0,17220.12020283687,20000.0,0,19
0,75,0,877349.6055496051,2,16038.813582540984,20000.0,0,19
0,76,0,6905477.905081217,0,17590.244627633012,20000.0,0,19
0,77,0,1670066.0931156357,0,17675.970869571604,20000.0,0,19
0,78,0,19715524.505388513,0,18685.343125863896,20000.0,0,19
0,79,0,1072383.5394063755,1,16879.66867029293,20000.0,0,19
0,80,1,22658180.675088186,1,18478.095744828875,20000.0,0,19
0,81,1,5326214.219290041,1,17923.385589260986,20000.0,0,19
0,82,2,9479546.195503749,2,17933.599384999314,20000.0,0,19
0,83,0,6636409.267710213,1,18168.179379710702,20000.0,0,19
0,84,1,1608745.2430602335,1,16575.730954031704,20000.0,0,19
0,85,0,1571170.4767403011,1,17263.212994949015,20000.0,0,19
0,86,0,700912.5559108875,2,16258.147820632925,20000.0,0,19
0,87,1,10769602.433685368,1,17143.07826625153,20000.0,0,19
0,88,1,4158181.025997873,1,15948.478013037922,20000.0,0,19
0,89,2,6007877.310267293,2,17170.43113915382,20000.0,0,19
0,90,2,9402457.745214093,2,17484.994968779316,20000.0,0,19
0,91,1,6681349.69173783,1,16893.83167196325,20000.0,0,19
0,92,1,7056328.500096693,1,15940.31563424834,20000.0,0,19
0,93,1,5763998.286136965,1,17287.377442985344,20000.0,0,19
0,94,1,8236549.935452025,1,16804.190457455246,20000.0,0,19
0,95,0,28869936.180425785,0,16890.9458837908,20000.0,0,19
0,96,1,962032.6510895537,2,18010.273076475783,20000.0,0,19
0,97,1,10236605.71388859,1,16373.309882136084,20000.0,0,19
0,98,2,4301885.266429241,2,18085.294083615485,20000.0,0,19
0,99,1,12438928.317408314,2,17801.653653057416,20000.0,0,19
0,100,0,27465352.31748874,0,17395.65439095044,20000.0,0,19
0,1,0,12444819.823654005,0,16474.1740676051,20000.0,0,19
0,2,0,13318393.35377358,0,17397.886264333887,20000.0,0,19
0,3,4,95959.45112205089,0,16494.02747738321,20000.0,0,19
0,4,0,7836109.537634623,0,17369.90289661586,20000.0,0,19
0,5,0,7076757.146907247,1,17583.53897024374,20000.0,0,19
0,6,0,13382929.0552186,0,18370.430876335024,20000.0,0,19
0,7,1,14790684.84807116,1,18018.51043921708,20000.0,0,19
0,8,0,22188346.020896554,0,17827.23815141795,20000.0,0,19
0,9,0,8481733.194847126,0,17083.030744589174,20000.0,0,19
0,10,0,13743516.846950239,1,17415.169686355228,20000.0,0,19
0,11,0,18061025.70586803,0,18214.79553830549,20000.0,0,19
0,12,0,18529913.862248264,0,17197.472817977297,20000.0,0,19
0,13,0,27528344.92959988,0,17927.05107822338,20000.0,0,19
0,14,0,9255766.0349314,0,16262.108277102669,20000.0,0,19
0,15,0,16425648.48231918,0,16763.1988167462,20000.0,0,19
0,16,1,2144519.6573126614,1,17333.598987221816,20000.0,0,19
0,17,0,10356642.83176579,0,18644.912456768565,20000.0,0,19
0,18,1,21353524.3649576,1,17931.267294706508,20000.0,0,19
0,19,0,22215820.977395974,0,18065.99704346302,20000.0,0,19
0,20,0,6613402.0523746,0,17504.481476280467,20000.0,0,19
0,21,0,33025923.10844362,0,18069.0803854157,20000.0,0,19
0,22,0,21458941.138736434,0,16820.825797867557,20000.0,0,19
0,23,0,8374947.94021292,0,16910.13981006554,20000.0,0,19
0,24,0,14720449.841146972,0,17042.828806126883,20000.0,0,19
0,25,0,7515778.295828528,0,16780.68351526112,20000.0,0,19
0,26,0,37264461.02106902,0,18173.56215679629,20000.0,0,19
0,27,0,26515402.86084831,0,17568.24586293158,20000.0,0,19
0,28,0,5940120.626852381,0,17853.522226609562,20000.0,0,19
0,29,0,18124293.698862754,0,16830.532748271406,20000.0,0,19
0,30,0,22540946.577499993,0,17283.8697484728,20000.0,0,19
0,31,0,21735531.205357153,0,17278.342482071264,20000.0,0,19
0,32,1,13883925.826222919,1,17816.031940189252,20000.0,0,19
0,33,0,18024560.301468905,0,16436.734922473755,20000.0,0,19
0,34,0,7289118.361888337,0,18424.999775287084,20000.0,0,19
0,35,1,1100496.808671454,1,17900.486198413153,20000.0,0,19
0,36,2,803671.0013242228,0,17182.88137109826,20000.0,0,19
0,37,0,13736222.649601912,0,16760.913939510723,20000.0,0,19
0,38,0,13095105.891217379,0,16724.24303912232,20000.0,0,19
0,39,1,1184784.0612076,1,16619.744740096954,20000.0,0,19
0,40,1,10253010.610098902,1,17738.15010691623,20000.0,0,19
0,41,2,530519.5618682925,0,15769.010926245019,20000.0,0,19
0,42,0,12306714.672892632,0,17305.837658227803,20000.0,0,19
0,43,1,10646636.657784339,1,18021.38017844476,20000.0,0,19
0,44,0,13254012.982957281,0,15904.695524199575,20000.0,0,19
0,45,0,15997491.723126832,0,17103.88205476272,20000.0,0,19
0,46,0,8733865.809753006,0,16425.948926333152,20000.0,0,19
0,47,0,7610762.885371126,0,18296.9018841407,20000.0,0,19
0,48,0,12358264.964272289,0,17385.734531085756,20000.0,0,19
0,49,0,5903356.108953038,0,17169.810811145962,20000.0,0,19
0,50,0,6734127.584349725,0,16432.241958322287,20000.0,0,19
0,51,0,15168724.198307998,0,18568.990874797324,20000.0,0,19
0,52,0,11822662.171338549,0,16699.851481717586,20000.0,0,19
0,53,0,13948907.479147948,0,17212.53648897351,20000.0,0,19
0,54,0,6689898.857360238,0,17988.630920001222,20000.0,0,19
0,55,0,25739547.408473544,0,17583.53917662754,20000.0,0,19
0,56,0,11324592.512946608,0,17262.17010512643,20000.0,0,19
0,57,1,8612837.287998414,1,17440.896683763436,20000.0,0,19
0,58,0,11025645.306252494,0,17680.48092347741,20000.0,0,19
0,59,0,8363793.857315061,0,17879.18448321336,20000.0,0,19
0,60,0,19143060.673451234,0,17377.95064290504,20000.0,0,19
0,61,0,8087079.202201271,0,17854.268309624193,20000.0,0,19
0,62,0,14276172.706765592,0,18461.34306999632,20000.0,0,19
0,63,0,12079383.71510068,0,18327.011892606017,20000.0,0,19
0,64,1,8031140.36153778,1,17261.566713356242,20000.0,0,19
0,65,0,1614347.3598659954,1,17407.683964513235,20000.0,0,19
0,66,1,9322000.956324978,1,17445.396011367357,20000.0,0,19
0,67,0,20682307.8586736,0,18330.556860463126,20000.0,0,19
0,68,0,17580037.446138985,0,17434.452444994822,20000.0,0,19
0,69,0,25402948.654031552,0,16885.170436936463,20000.0,0,19
0,70,0,6016983.734125927,0,17012.96800853181,20000.0,0,19
0,71,1,13418343.886353416,1,16910.557399144953,20000.0,0,19
0,72,0,19166479.459504683,0,16762.040929569965,20000.0,0,19
0,73,1,1500022.8485688302,1,17552.02557619644,20000.0,0,19
0,74,0,12831211.606972937,0,16869.989488748197,20000.0,0,19
0,75,0,7920011.042582259,0,16777.745867064907,20000.0,0,19
0,76,0,10268444.29628956,0,15737.478114647034,20000.0,0,19
0,77,1,20134402.11823794,1,16965.480053388168,20000.0,0,19
0,78,1,14013878.513026489,1,17696.221487319734,20000.0,0,19
0,79,1,8374068.117573826,1,16716.46488035828,20000.0,0,19
0,80,1,14142771.112057034,1,16599.097175636973,20000.0,0,19
0,81,3,19577.513911481,0,16034.68186881151,20000.0,0,19
0,82,0,27997410.387464173,0,18973.413405742325,20000.0,0,19
0,83,0,11337905.653085921,0,17283.10894873217,20000.0,0,19
0,84,1,38342188.93721262,1,17053.19975378352,20000.0,0,19
0,85,0,8167983.136166382,0,17251.931103716102,20000.0,0,19
0,86,0,4968129.38216281,0,17388.246691733635,20000.0,0,19
0,87,0,13803721.077334227,0,17053.2195697581,20000.0,0,19
0,88,0,10770584.998837888,0,17601.16809313429,20000.0,0,19
0,89,0,18884773.03224071,0,17482.497106902796,20000.0,0,19
0,90,0,1850536.936572579,1,17850.95094842069,20000.0,0,19
0,91,0,29439876.506797846,0,17468.72553297856,20000.0,0,19
0,92,0,14567441.444181338,0,17685.707811769033,20000.0,0,19
0,93,0,6371522.545704741,0,15829.61018491902,20000.0,0,19
0,94,1,12437188.979702497,1,17469.421355024453,20000.0,0,19
0,95,1,15739722.283054572,1,17751.249599897663,20000.0,0,19
0,96,0,11133159.37400423,0,17334.462868045946,20000.0,0,19
0,97,0,1608635.290441174,1,18849.55016249775,20000.0,0,19
0,98,0,25844132.89471883,0,17182.085645241474,20000.0,0,19
0,99,0,7489049.052550745,0,17162.905794146933,20000.0,0,19
0,100,0,1233807.9905140449,0,17033.785037496713,20000.0,0,19
0,1,0,16782067.64099801,0,17806.91624475712,20000.0,0,19
0,2,1,7244119.218075413,1,16474.868739044035,20000.0,0,19
0,3,1,0.0,0,15128.247107195297,20000.0,0,19
0,4,1,324481.69777054846,1,16300.394948573989,20000.0,0,19
0,5,0,13211768.343489677,0,16839.538890669628,20000.0,0,19
0,6,0,18075997.98080659,0,16698.894859829572,20000.0,0,19
0,7,1,20061419.083960816,1,17644.244029536036,20000.0,0,19
0,8,0,13238410.215425774,1,18190.760979092713,20000.0,0,19
0,9,1,971964.4602445592,2,16670.967193104574,20000.0,0,19
0,10,0,6977021.373795051,1,18112.864584198636,20000.0,0,19
0,11,1,3406248.2364963903,1,17542.66103368215,20000.0,0,19
0,12,0,18397292.99499642,0,17086.44572106331,20000.0,0,19
0,13,1,9624986.476915397,1,17150.93755934214,20000.0,0,19
0,14,1,3617459.9784275927,1,17227.61181158426,20000.0,0,19
0,15,2,2385275.4224430206,2,18296.156025905602,20000.0,0,19
0,16,1,5437186.023570647,1,16437.43494898641,20000.0,0,19
0,17,0,13852002.627686014,0,18235.442462514027,20000.0,0,19
0,18,1,3634211.2749037133,1,17742.72733221467,20000.0,0,19
0,19,1,6596121.451127918,1,17719.588349434438,20000.0,0,19
0,20,2,1392146.5511823494,0,15462.743721710818,20000.0,0,19
0,21,0,23132937.925285846,0,17982.24047033684,20000.0,0,19
0,22,0,14199162.315763861,0,18609.002747962484,20000.0,0,19
0,23,1,2019247.607620319,1,17510.084833184228,20000.0,0,19
0,24,2,1731590.5157202408,2,17591.611294429713,20000.0,0,19
0,25,1,7860845.229226501,1,17360.824297145708,20000.0,0,19
0,26,0,13997122.43913929,0,17085.008581295395,20000.0,0,19
0,27,1,1759432.7913697262,1,18000.74600596734,20000.0,0,19
0,28,3,2296106.3750244793,3,16468.06971552705,20000.0,0,19
0,29,2,4928916.520919492,2,18379.84201386202,20000.0,0,19
0,30,2,1711120.6347352213,3,18106.847732118113,20000.0,0,19
0,31,1,16546666.722056298,1,17254.271511101215,20000.0,0,19
0,32,4,5725.476794499118,2,15113.349169861809,20000.0,0,19
0,33,1,1519564.0061801109,1,17417.963110028486,20000.0,0,19
0,34,1,11708972.591118438,1,17362.066604601183,20000.0,0,19
0,35,0,3804984.6295485934,2,17043.704045392675,20000.0,0,19
0,36,1,7196642.411775929,1,18661.446098616416,20000.0,0,19
0,37,1,10033933.45438528,1,17174.26537608707,20000.0,0,19
0,38,0,7283752.378086615,0,16745.601958242245,20000.0,0,19
0,39,0,27018870.228397567,0,18601.20906309128,20000.0,0,19
0,40,0,9200223.385684732,0,18425.185650332936,20000.0,0,19
0,41,1,27242342.83686851,1,17259.169671723477,20000.0,0,19
0,42,0,3802317.9402481318,0,16833.164952019262,20000.0,0,19
0,43,0,27928845.191454206,0,17659.56510192978,20000.0,0,19
0,44,1,27123288.530353665,1,18131.724126270525,20000.0,0,19
0,45,0,285759.7924477411,1,17456.773158439144,20000.0,0,19
0,46,2,4744286.7949188985,2,18350.506183489317,20000.0,0,19
0,47,1,13337900.096893704,1,17674.984507178106,20000.0,0,19
0,48,1,765358.4820308301,3,17421.45595274016,20000.0,0,19
0,49,1,7529260.913083051,1,17113.493122512893,20000.0,0,19
0,50,2,7695643.8349681,2,17152.82599131478,20000.0,0,19
0,51,1,3345506.171623762,1,18398.95524688256,20000.0,0,19
0,52,0,0.0,0,16014.961860374242,20000.0,0,19
0,53,1,27705745.64929337,1,17125.845502765216,20000.0,0,19
0,54,0,19181087.547220234,0,17105.672702258013,20000.0,0,19
0,55,0,21700113.235081904,0,16345.061859998268,20000.0,0,19
0,56,0,19756874.29241184,0,17856.8346491634,20000.0,0,19
0,57,0,12287867.521110222,0,16301.527306113283,20000.0,0,19
0,58,2,11068753.3568975,2,17097.89937946791,20000.0,0,19
0,59,2,4904507.240549078,2,18476.653985374527,20000.0,0,19
0,60,0,1464883.0051096766,1,17164.483587510298,20000.0,0,19
0,61,0,24256032.113672953,0,16675.917645292753,20000.0,0,19
0,62,1,1113848.642523768,2,17041.978277582275,20000.0,0,19
0,63,0,2803350.5575191923,0,17737.558235952118,20000.0,0,19
0,64,0,4373412.415831795,1,16407.667535338074,20000.0,0,19
0,65,1,10143825.57298906,1,16287.49668501953,20000.0,0,19
0,66,1,11771138.197258797,1,17110.568976515424,20000.0,0,19
0,67,0,13540645.349857165,0,16777.71938151105,20000.0,0,19
0,68,0,1985858.7930710264,1,16955.465688301934,20000.0,0,19
0,69,2,2083054.2273168785,2,17448.74622099018,20000.0,0,19
0,70,1,7268009.77043837,1,17976.18249953735,20000.0,0,19
0,71,1,1520635.5918794055,1,17159.71028690977,20000.0,0,19
0,72,2,1822174.3959584695,2,17034.935056900424,20000.0,0,19
0,73,1,1678140.855052681,1,15753.780140466628,20000.0,0,19
0,74,0,15210191.186412496,0,17556.237750772536,20000.0,0,19
0,75,2,837708.8341202987,2,16239.142252469434,20000.0,0,19
0,76,0,1173405.8158529026,0,16488.87400700014,20000.0,0,19
0,77,0,26031069.348059457,0,16584.054139992142,20000.0,0,19
0,78,1,1135092.1034669108,3,17971.912141378925,20000.0,0,19
0,79,0,21150214.096326713,0,16597.993003840256,20000.0,0,19
0,80,0,23366205.90131529,0,17973.967977256285,20000.0,0,19
0,81,0,189630.90822537988,2,16748.453353576362,20000.0,0,19
0,82,0,7836370.827588402,1,15746.278868447844,20000.0,0,19
0,83,0,1840463.4419739067,0,18651.946717244187,20000.0,0,19
0,84,0,35256306.27135387,0,18603.6231855154,20000.0,0,19
0,85,1,7809516.2800395535,1,17110.403227833347,20000.0,0,19
0,86,1,5523629.9778787745,2,17958.15188232945,20000.0,0,19
0,87,0,17854006.586114347,0,18497.380256049764,20000.0,0,19
0,88,1,4490849.119982087,1,16855.41241214432,20000.0,0,19
0,89,0,1136273.8480381067,1,16926.23753001238,20000.0,0,19
0,90,2,5883063.722904807,2,17549.744294146218,20000.0,0,19
0,91,1,11170417.190558122,2,16987.692221940717,20000.0,0,19
0,92,0,9540103.996967962,0,18094.006204156663,20000.0,0,19
0,93,0,21901410.38794606,0,17656.940671357115,20000.0,0,19
0,94,0,23271835.13191317,0,16630.782809937555,20000.0,0,19
0,95,1,3329775.1761942348,1,16993.403732587663,20000.0,0,19
0,96,1,4803774.343301175,1,17916.20687129347,20000.0,0,19
0,97,1,1229131.1028258957,2,17513.463883759952,20000.0,0,19
0,98,2,5670766.534091034,2,18684.04048049736,20000.0,0,19
0,99,1,8933472.387316156,1,16258.530396050077,20000.0,0,19
0,100,0,11358552.438943189,0,17882.236192795768,20000.0,0,19
0,1,0,18554949.050677896,0,17945.267642741248,20000.0,0,19
0,2,0,23004572.847825337,0,17887.596035864783,20000.0,0,19
0,3,0,18447677.876990713,0,18203.192620385835,20000.0,0,19
0,4,0,7272842.946373643,1,18093.601686668717,20000.0,0,19
0,5,0,16682605.645320654,0,17132.008446204705,20000.0,0,19
0,6,0,1693496.8032036428,0,17756.3716577664,20000.0,0,19
0,7,0,24153825.88505989,0,17243.25605958353,20000.0,0,19
0,8,0,6291039.715640059,0,17925.777563062235,20000.0,0,19
0,9,0,25923110.24049611,0,17446.15496571181,20000.0,0,19
0,10,1,2831688.697291342,1,16848.89507113333,20000.0,0,19
0,11,0,12174882.097927792,0,16801.020056393296,20000.0,0,19
0,12,0,20708239.680424448,0,18877.201597261752,20000.0,0,19
0,13,1,4820086.078916358,1,15927.74665359428,20000.0,0,19
0,14,1,3126040.311898401,1,17658.914677614997,20000.0,0,19
0,15,0,9285417.374915592,0,17386.410011331358,20000.0,0,19
0,16,1,6488537.346315589,1,16082.098521820399,20000.0,0,19
0,17,0,18537361.167575046,0,17224.481554135655,20000.0,0,19
0,18,1,8266605.797463005,1,17571.705167878496,20000.0,0,19
0,19,0,9134584.926101297,0,18306.602555793255,20000.0,0,19
0,20,1,10358003.897406656,1,17508.853267919716,20000.0,0,19
0,21,1,7097659.94176588,1,16406.817649494704,20000.0,0,19
0,22,1,5030470.0434346115,1,18368.86753325352,20000.0,0,19
0,23,0,5775168.591098477,0,17339.373986983144,20000.0,0,19
0,24,0,15038606.123638364,0,17343.81115855044,20000.0,0,19
0,25,0,30405599.198898777,0,16943.226235670903,20000.0,0,19
0,26,0,20320370.83313091,0,17359.197085198964,20000.0,0,19
0,27,0,12647844.08351741,0,17108.06299648195,20000.0,0,19
0,28,0,28242250.879169833,0,17834.562820446423,20000.0,0,19
0,29,0,21096500.159070507,0,16838.439008524423,20000.0,0,19
0,30,1,2466280.7963202973,1,18257.78825890311,20000.0,0,19
0,31,0,14063532.055840971,0,16908.072891303433,20000.0,0,19
0,32,0,8251819.392852103,0,18564.510695656936,20000.0,0,19
0,33,0,8019530.636520073,0,18247.573942455754,20000.0,0,19
0,34,0,6823514.395856611,0,18027.01427033917,20000.0,0,19
0,35,0,11799306.426243693,0,16692.73733976895,20000.0,0,19
0,36,0,4010946.2033195803,0,17274.575658762857,20000.0,0,19
0,37,0,21857840.241940625,0,18404.95257279833,20000.0,0,19
0,38,0,11458117.022461053,0,16275.458084970935,20000.0,0,19
0,39,1,5656342.154025844,1,18293.489951595573,20000.0,0,19
0,40,0,18095465.64411681,0,17178.86306274412,20000.0,0,19
0,41,0,26697785.109355535,0,18172.055863567522,20000.0,0,19
0,42,0,17157441.10660813,0,18134.27804801176,20000.0,0,19
0,43,0,1432407.0961358268,0,18673.592509790025,20000.0,0,19
0,44,0,14031643.890086731,0,17123.037861223926,20000.0,0,19
0,45,0,11681360.02190381,0,18220.280040267746,20000.0,0,19
0,46,1,5510340.046179583,1,17618.09897063383,20000.0,0,19
0,47,0,16015658.638497045,0,17359.309430302917,20000.0,0,19
0,48,0,16561137.401580287,0,16879.18083673968,20000.0,0,19
0,49,0,6286809.326131864,0,16338.063940445792,20000.0,0,19
0,50,0,35566968.24239579,0,18616.919982694017,20000.0,0,19
0,51,0,0.0,0,17634.92321676226,20000.0,0,19
0,52,0,14929704.839824846,0,18437.364751708246,20000.0,0,19
0,53,0,21721249.120199144,0,17596.16401305012,20000.0,0,19
0,54,0,23048961.702873155,0,17282.33066505052,20000.0,0,19
0,55,0,16319845.645391716,0,18245.57798621448,20000.0,0,19
0,56,0,14388940.402977863,0,18610.14908838323,20000.0,0,19
0,57,0,36811600.577416286,0,18655.89186877576,20000.0,0,19
0,58,1,10162790.888052402,1,17435.400278590143,20000.0,0,19
0,59,0,19900322.29769725,0,17655.202528884383,20000.0,0,19
0,60,0,9347693.74190804,0,18160.37890897277,20000.0,0,19
0,61,1,4260624.865758842,1,18303.63439155551,20000.0,0,19
0,62,0,8453355.684604468,0,18508.588886593003,20000.0,0,19
0,63,0,24413575.852974493,0,16732.25273585275,20000.0,0,19
0,64,0,12749707.552693032,0,17390.511148739097,20000.0,0,19
0,65,0,11083072.405227307,0,18059.15744117155,20000.0,0,19
0,66,0,18269964.78442021,0,16998.454857440443,20000.0,0,19
0,67,0,1059676.449167602,1,16390.118401199845,20000.0,0,19
0,68,0,19705648.885131054,0,17810.116146254568,20000.0,0,19
0,69,0,17085668.018119093,0,17371.86427914487,20000.0,0,19
0,70,0,6466444.292678175,0,18199.57125005714,20000.0,0,19
0,71,0,25475177.053500783,0,16931.61905651989,20000.0,0,19
0,72,0,17139336.1089389,0,17383.691181861523,20000.0,0,19
0,73,0,6680727.586051723,0,17700.771791224633,20000.0,0,19
0,74,0,12529846.562621664,0,18584.279191220518,20000.0,0,19
0,75,0,24623055.988293108,0,18729.11137676368,20000.0,0,19
0,76,0,16241192.427094411,0,16958.03800711117,20000.0,0,19
0,77,1,13504519.57125119,1,16251.068835954573,20000.0,0,19
0,78,1,12515447.68764972,1,16841.627844382263,20000.0,0,19
0,79,0,18525651.202374313,0,18278.142185178156,20000.0,0,19
0,80,0,13601206.467827803,0,17273.125995912138,20000.0,0,19
0,81,0,14135194.36634617,0,18230.482474798842,20000.0,0,19
0,82,0,22053954.10717726,0,17614.150430920854,20000.0,0,19
0,83,0,11096357.792157989,0,16322.365160285968,20000.0,0,19
0,84,0,928838.0318038401,0,17773.10046792497,20000.0,0,19
0,85,0,19795077.728151083,0,17877.62435613571,20000.0,0,19
0,86,0,11420962.060264545,0,17696.694127500105,20000.0,0,19
0,87,0,404660.37932518637,0,17259.38231325466,20000.0,0,19
0,88,1,8876194.12094929,1,17396.2342066229,20000.0,0,19
0,89,0,7223699.252055606,0,17439.81048254803,20000.0,0,19
0,90,0,8071993.254231553,0,18381.710388601223,20000.0,0,19
0,91,0,1561794.1659229514,1,17118.056718432475,20000.0,0,19
0,92,0,15463244.76298279,0,18191.441327527722,20000.0,0,19
0,93,0,9897149.558340913,0,16353.794290990556,20000.0,0,19
0,94,1,1799417.207701033,1,17705.830167029573,20000.0,0,19
0,95,1,1795800.5596290505,1,17527.925433412824,20000.0,0,19
0,96,0,20635402.898737893,0,18252.506300036042,20000.0,0,19
0,97,0,10218906.513849068,0,17681.77168781226,20000.0,0,19
0,98,0,7229154.017381555,0,17820.506738706797,20000.0,0,19
0,99,1,2874858.488523558,1,16881.19032845015,20000.0,0,19
0,100,0,1138431.184599865,0,15885.999658670831,20000.0,0,19
0,1,0,19325449.587124083,0,18549.16614222637,20000.0,0,19
0,2,1,19491605.028923452,1,0.0,20000.0,0,19
0,3,1,1740516.0931055797,1,17328.321952400976,20000.0,0,19
0,4,0,17140477.286236573,0,17654.955453553655,20000.0,0,19
0,5,0,18935302.072210908,0,17209.164082994503,20000.0,0,19
0,6,1,4619794.420256752,1,0.0,20000.0,0,19
0,7,1,4635633.0646076575,1,17212.742524292516,20000.0,0,19
0,8,0,3973769.3562283744,1,16778.019919536957,20000.0,0,19
0,9,0,26994200.946434513,0,18061.750696437266,20000.0,0,19
0,10,1,9528997.602550212,1,16337.73816907831,20000.0,0,19
0,11,0,12499681.14735047,0,17560.198050781946,20000.0,0,19
0,12,1,3940041.242601165,1,17701.29826108766,20000.0,0,19
0,13,1,3182516.2717672843,1,0.0,20000.0,0,19
0,14,0,5545319.475414119,1,0.0,20000.0,0,19
0,15,1,11190527.823936492,1,17404.33357333651,20000.0,0,19
0,16,1,498665.7845401674,1,0.0,20000.0,0,19
0,17,0,6289979.492232496,0,16730.757740252422,20000.0,0,19
0,18,0,11624252.187995719,0,17834.1365358902,20000.0,0,19
0,19,0,12794215.613195248,0,17717.676024970326,20000.0,0,19
0,20,1,9228490.987520961,1,18636.876712330977,20000.0,0,19
0,21,0,4897885.841502805,0,17246.659970530072,20000.0,0,19
0,22,0,19202801.961238626,0,18169.3417119247,20000.0,0,19
0,23,0,10376839.524243124,0,17592.31315187087,20000.0,0,19
0,24,1,8245863.091203142,1,17240.00862140459,20000.0,0,19
0,25,0,11912700.275992528,0,17323.74970128415,20000.0,0,19
0,26,1,11031726.767280249,1,17152.971862716706,20000.0,0,19
0,27,0,12919633.19789037,0,18076.783595968092,20000.0,0,19
0,28,0,10338639.964676667,0,17556.36592613051,20000.0,0,19
0,29,0,10870795.80631709,0,17546.332296377674,20000.0,0,19
0,30,1,8112552.449746224,1,0.0,20000.0,0,19
0,31,0,7999795.952930008,0,16955.35118093422,20000.0,0,19
0,32,0,2226820.9863022887,0,18602.48271124455,20000.0,0,19
0,33,1,2924235.799389544,1,0.0,20000.0,0,19
0,34,1,5739167.183601631,1,0.0,20000.0,0,19
0,35,0,6156015.139576823,0,18344.101438564594,20000.0,0,19
0,36,0,6106374.703153377,0,18222.078392399057,20000.0,0,19
0,37,1,1914228.482235986,1,17163.041563964583,20000.0,0,19
0,38,0,672968.7451217718,1,0.0,20000.0,0,19
0,39,1,18313891.595956996,1,16314.45495138878,20000.0,0,19
0,40,0,4976714.78307342,0,17420.29018413299,20000.0,0,19
0,41,1,3968878.3467679447,1,0.0,20000.0,0,19
0,42,1,787593.1184687172,0,15043.19088782325,20000.0,0,19
0,43,0,27163278.271985326,0,17000.15845500499,20000.0,0,19
0,44,1,3509269.9375359304,1,0.0,20000.0,0,19
0,45,1,13240798.757550262,1,18005.48972533475,20000.0,0,19
0,46,0,13238576.543088082,0,17973.130231858464,20000.0,0,19
0,47,0,13338330.121799957,0,15863.697037008818,20000.0,0,19
0,48,0,21470331.441998262,0,18340.44088439081,20000.0,0,19
0,49,1,8495622.235856287,1,0.0,20000.0,0,19
0,50,0,7477983.746600905,0,16707.410908779446,20000.0,0,19
0,51,0,6685403.205168392,0,17485.65618209781,20000.0,0,19
0,52,0,13142273.984596588,0,18099.46361718826,20000.0,0,19
0,53,0,1502521.7982193439,0,16427.97099849549,20000.0,0,19
0,54,1,23115433.54812569,1,17666.5343906838,20000.0,0,19
0,55,1,5368877.882572194,1,16771.95174442969,20000.0,0,19
0,56,0,13777721.648856813,0,17035.768000194275,20000.0,0,19
0,57,0,2475707.438303997,0,17930.83588809567,20000.0,0,19
0,58,0,15070368.041636646,0,16754.204463018406,20000.0,0,19
0,59,0,11746611.890355196,0,17838.325674098516,20000.0,0,19
0,60,0,6836628.474103168,0,16641.731224002506,20000.0,0,19
0,61,0,1194338.0725682254,0,16654.052709728097,20000.0,0,19
0,62,0,11860260.305360282,0,17996.95889447749,20000.0,0,19
0,63,0,12657554.872394549,0,17850.905417013393,20000.0,0,19
0,64,0,8529098.858898139,0,17161.35065043654,20000.0,0,19
0,65,1,6141964.557166569,1,0.0,20000.0,0,19
0,66,0,29213979.080089796,0,18161.369506826202,20000.0,0,19
0,67,0,14991566.830598643,0,18393.400279965237,20000.0,0,19
0,68,1,14164411.19008947,1,17377.535519670866,20000.0,0,19
0,69,0,10275371.325280776,0,16287.541403545247,20000.0,0,19
0,70,0,16844313.270433128,0,16429.436453086888,20000.0,0,19
0,71,0,2541470.4069260615,0,18358.41474148151,20000.0,0,19
0,72,0,22212880.68606807,0,17559.747958224765,20000.0,0,19
0,73,0,8021442.194356133,0,17717.509817702346,20000.0,0,19
0,74,0,2233891.849798734,1,18402.587180370047,20000.0,0,19
0,75,1,2367195.0144354347,1,0.0,20000.0,0,19
0,76,0,12016294.048210992,0,16443.543517162856,20000.0,0,19
0,77,0,12847741.832988385,0,16991.752306006634,20000.0,0,19
0,78,0,5657325.640064871,1,17246.23988616294,20000.0,0,19
0,79,0,16552532.665562311,0,18085.653500910063,20000.0,0,19
0,80,0,1762597.9515094054,0,18280.41750609153,20000.0,0,19
0,81,0,11770173.839616561,0,17146.33557276749,20000.0,0,19
0,82,1,25623726.64333565,1,0.0,20000.0,0,19
0,83,0,1529167.9104105465,0,16796.51708371609,20000.0,0,19
0,84,0,11458166.445397196,0,18013.714691421996,20000.0,0,19
0,85,0,712861.7720003492,1,17664.80504418354,20000.0,0,19
0,86,0,12460832.141648222,0,18004.059022496207,20000.0,0,19
0,87,0,11869704.868744925,0,16750.117310680784,20000.0,0,19
0,88,1,5705179.360644815,1,16197.845376492423,20000.0,0,19
0,89,1,3657278.3692810917,1,0.0,20000.0,0,19
0,90,1,12721440.294512326,1,0.0,20000.0,0,19
0,91,0,32512504.65035343,0,17148.67638169476,20000.0,0,19
0,92,0,17161060.608759664,0,17772.27689780594,20000.0,0,19
0,93,0,9758048.150170866,0,18319.735287219744,20000.0,0,19
0,94,0,17873707.894013554,0,17344.1542240419,20000.0,0,19
0,95,0,0.0,1,0.0,20000.0,0,19
0,96,0,8057954.3191458,0,18374.413194343902,20000.0,0,19
0,97,1,18207116.0305522,1,18790.773588217875,20000.0,0,19
0,98,0,15426204.414200341,0,17316.5401616207,20000.0,0,19
0,99,1,5892515.383328036,1,18085.010988382335,20000.0,0,19
0,100,1,3243025.584391212,1,17693.300373626305,20000.0,0,19
0,1,0,12347175.318406409,0,17383.25840014685,20000.0,0,19
0,2,3,586932.5063290943,3,17891.52993789804,20000.0,0,19
0,3,1,958972.869091647,2,18265.853747752317,20000.0,0,19
0,4,1,17429759.631032046,1,17895.168279559133,20000.0,0,19
0,5,1,6396456.168494671,1,17985.951660573268,20000.0,0,19
0,6,0,25522806.489384033,0,16289.11841585773,20000.0,0,19
0,7,0,6242990.186599168,0,17591.397683365438,20000.0,0,19
0,8,0,11389505.040857786,0,17197.94648866486,20000.0,0,19
0,9,1,2378741.6664670473,1,18265.152174443356,20000.0,0,19
0,10,0,25646242.957178965,0,16352.52843735334,20000.0,0,19
0,11,0,24074265.641320013,0,16360.467544726074,20000.0,0,19
0,12,0,1916084.3076443034,0,16618.76693988064,20000.0,0,19
0,13,0,17521055.420462236,0,18262.619304888118,20000.0,0,19
0,14,0,21638060.03583762,0,17203.701566851796,20000.0,0,19
0,15,0,12200204.971593507,0,16665.5505286642,20000.0,0,19
0,16,0,14407504.405579496,0,17303.547260044514,20000.0,0,19
0,17,0,7621325.167385784,0,17447.199190066414,20000.0,0,19
0,18,0,23039906.78738235,0,17563.14849954706,20000.0,0,19
0,19,0,10764096.065540524,0,17022.006265522454,20000.0,0,19
0,20,2,1024394.7909282041,2,17898.09501118709,20000.0,0,19
0,21,1,10753988.82588609,1,16894.74371889429,20000.0,0,19
0,22,1,3738936.1636485597,1,17068.606125613624,20000.0,0,19
0,23,1,27184837.125580795,1,17932.114624022648,20000.0,0,19
0,24,0,10835035.55158909,0,17470.37863477672,20000.0,0,19
0,25,0,12834946.941208255,0,18080.675990022286,20000.0,0,19
0,26,2,395766.2710637137,2,17141.492584165826,20000.0,0,19
0,27,1,8270138.501563118,1,17322.439967761275,20000.0,0,19
0,28,1,4742522.702151086,1,17791.043642558638,20000.0,0,19
0,29,0,13567111.019382324,0,18380.363596679726,20000.0,0,19
0,30,0,18424296.964708034,0,16492.894030187414,20000.0,0,19
0,31,1,5181408.664565399,1,16077.24032001082,20000.0,0,19
0,32,1,2333499.5715403557,2,16881.850813846257,20000.0,0,19
0,33,1,6868529.764752396,1,17770.419337342002,20000.0,0,19
0,34,1,14246582.83794255,1,18281.802504265263,20000.0,0,19
0,35,0,7456995.532372169,0,17975.052674321032,20000.0,0,19
0,36,2,1520770.478738021,2,17680.22067656968,20000.0,0,19
0,37,0,11927084.926482797,0,18421.35600464717,20000.0,0,19
0,38,0,14957254.63124475,0,17547.188932724395,20000.0,0,19
0,39,0,12034725.45526476,0,16481.04195138056,20000.0,0,19
0,40,0,1026814.5991563852,0,18635.24504571842,20000.0,0,19
0,41,1,8840040.494140182,1,18635.72636098384,20000.0,0,19
0,42,1,3569886.676651054,1,16355.79421512174,20000.0,0,19
0,43,0,6077494.457187564,0,18410.573503759526,20000.0,0,19
0,44,0,5885572.2181157395,0,17686.05143440876,20000.0,0,19
0,45,2,2511228.4890320823,2,17486.845905824834,20000.0,0,19
0,46,0,16373173.670928292,0,16723.678107687254,20000.0,0,19
0,47,0,12230405.036977772,0,17131.813189648634,20000.0,0,19
0,48,1,10388395.16020944,1,18308.352663723304,20000.0,0,19
0,49,0,10829201.896299167,0,16472.069834393602,20000.0,0,19
0,50,0,14676958.169182535,0,17013.79197943168,20000.0,0,19
0,51,1,11577853.630647205,1,17414.40990211003,20000.0,0,19
0,52,0,7154422.059077414,0,17273.159019062135,20000.0,0,19
0,53,1,6461148.231505571,1,17951.02515677411,20000.0,0,19
0,54,1,2178758.0237463084,2,17928.599347392126,20000.0,0,19
0,55,0,14980823.038852781,0,18089.594065122703,20000.0,0,19
0,56,1,3212837.8493652185,1,17042.45396221361,20000.0,0,19
0,57,1,2113973.8742686473,1,18337.045165107946,20000.0,0,19
0,58,0,10105241.728830958,1,17557.320327125457,20000.0,0,19
0,59,2,3982843.704736402,2,18865.76334557104,20000.0,0,19
0,60,1,7514539.7640733505,1,17207.198744770158,20000.0,0,19
0,61,1,6115897.167862376,1,16683.056410412046,20000.0,0,19
0,62,0,12942341.299240813,0,18101.356513351526,20000.0,0,19
0,63,1,8053104.378997193,1,16569.758570274764,20000.0,0,19
0,64,1,7620757.986371125,1,18737.431758984523,20000.0,0,19
0,65,1,10269278.156240113,1,18173.82769431177,20000.0,0,19
0,66,0,4786416.253077046,0,16029.122008236523,20000.0,0,19
0,67,0,8412994.625559747,0,16999.910134440168,20000.0,0,19
0,68,0,7883333.830049031,0,18007.15053283793,20000.0,0,19
0,69,0,7923551.227228008,0,18078.257371804277,20000.0,0,19
0,70,0,4505552.564722627,0,17998.25506893772,20000.0,0,19
0,71,1,5037474.249781322,1,18774.95608670854,20000.0,0,19
0,72,0,15832052.998394769,0,18107.69889151235,20000.0,0,19
0,73,0,7894629.627862715,0,16740.23292699944,20000.0,0,19
0,74,1,7779950.452078932,1,18243.47336914739,20000.0,0,19
0,75,0,14028966.199299,1,18597.68458890862,20000.0,0,19
0,76,0,21160051.154836826,0,18309.295709760972,20000.0,0,19
0,77,1,9403929.62887137,1,17976.45990601237,20000.0,0,19
0,78,0,0.0,0,16172.503594594406,20000.0,0,19
0,79,0,10953953.597974228,0,17851.23334214456,20000.0,0,19
0,80,1,2693909.279781006,1,16357.81359398171,20000.0,0,19
0,81,0,7171155.435680826,1,18670.784322216725,20000.0,0,19
0,82,0,12662842.306881178,0,16760.89620144123,20000.0,0,19
0,83,0,14293301.800297435,0,17161.67306875727,20000.0,0,19
0,84,1,2993175.4178856993,1,18006.468237746853,20000.0,0,19
0,85,2,1518884.3319120188,2,17912.502419512188,20000.0,0,19
0,86,1,753158.9295401721,1,15919.996439559529,20000.0,0,19
0,87,1,6896752.394605603,1,16351.98684605885,20000.0,0,19
0,88,0,18691047.97237969,0,16638.80583153151,20000.0,0,19
0,89,1,2875594.795095999,1,17771.790614249145,20000.0,0,19
0,90,0,19383656.07709302,0,17238.418445089745,20000.0,0,19
0,91,0,5198435.954501703,0,16066.177475287275,20000.0,0,19
0,92,0,10208974.200650144,0,18280.476944603957,20000.0,0,19
0,93,0,16007549.748588525,0,16881.689786831972,20000.0,0,19
0,94,0,30905370.306698468,0,17095.564646741386,20000.0,0,19
0,95,1,4791879.986087137,1,18061.023543827403,20000.0,0,19
0,96,2,543040.3372437456,2,17286.878152369034,20000.0,0,19
0,97,0,10249096.047650369,0,17301.454687450383,20000.0,0,19
0,98,0,7139853.815099173,0,16430.451146800104,20000.0,0,19
0,99,0,1277039.156328944,1,16402.13532436557,20000.0,0,19
0,100,0,17424514.514736563,0,18020.958710360075,20000.0,0,19
0,1,0,23767871.81295705,0,17228.19248660105,20000.0,0,19
0,2,0,7766216.257570073,0,17735.51898225356,20000.0,0,19
0,3,0,13962254.710112438,2,16319.58485764598,20000.0,0,19
0,4,0,5311007.969104224,0,16331.762121642543,20000.0,0,19
0,5,1,8067576.990342221,1,17881.231856827464,20000.0,0,19
0,6,0,17487546.13991993,0,17547.823150819222,20000.0,0,19
0,7,1,3943479.8629968306,2,17612.66144014074,20000.0,0,19
0,8,0,1343366.2609739723,1,18544.515182779283,20000.0,0,19
0,9,0,14517850.111037808,0,16966.046107620772,20000.0,0,19
0,10,0,9542662.891738633,0,17143.756838086356,20000.0,0,19
0,11,1,3771192.0912540015,1,18641.16088473413,20000.0,0,19
0,12,0,16003454.732079731,0,17171.83886782714,20000.0,0,19
0,13,0,11964643.810952876,0,17371.940208097614,20000.0,0,19
0,14,1,22816132.29106202,1,17937.67432236899,20000.0,0,19
0,15,0,25066493.423051063,0,17172.963680578636,20000.0,0,19
0,16,0,43882411.63118042,0,17401.57510578457,20000.0,0,19
0,17,0,18158400.3817696,0,17242.557916806763,20000.0,0,19
0,18,0,34264771.57337103,0,17004.806764671408,20000.0,0,19
0,19,0,14078783.734650152,1,18411.319427040984,20000.0,0,19
0,20,0,21324284.514581863,0,17585.624179115857,20000.0,0,19
0,21,1,6581314.382437451,1,17294.495492019756,20000.0,0,19
0,22,0,16211975.03766324,0,16568.8283649277,20000.0,0,19
0,23,0,9246732.088412149,0,18514.5232700926,20000.0,0,19
0,24,0,18518048.774885226,0,17540.345744888244,20000.0,0,19
0,25,1,29291872.473116443,1,18251.832722259114,20000.0,0,19
0,26,0,17029389.140229534,0,18447.489323325586,20000.0,0,19
0,27,1,21250258.09257493,1,16890.55350559475,20000.0,0,19
0,28,0,16679669.820116736,0,17624.59805575564,20000.0,0,19
0,29,0,8021950.245652332,0,16941.73116613208,20000.0,0,19
0,30,2,676423.8857104807,1,15901.912425747956,20000.0,0,19
0,31,0,9143028.079962036,0,17173.098220875465,20000.0,0,19
0,32,1,2600852.271453909,1,17278.859906964622,20000.0,0,19
0,33,0,8281409.501503127,0,16703.70546972924,20000.0,0,19
0,34,1,6356543.48479343,1,17380.08549618564,20000.0,0,19
0,35,1,5054786.689655207,1,17985.100353745507,20000.0,0,19
0,36,0,10527364.998437818,1,16887.935433089817,20000.0,0,19
0,37,0,19040224.620424926,0,17617.74931314614,20000.0,0,19
0,38,0,1635145.1074869167,0,17361.276139474725,20000.0,0,19
0,39,0,10400143.644832648,0,17632.564749719146,20000.0,0,19
0,40,0,1663844.6140694434,1,16491.59421206787,20000.0,0,19
0,41,0,7118229.2159166895,0,18083.531526572522,20000.0,0,19
0,42,1,49441.14558066473,1,13979.853718359325,20000.0,0,19
0,43,2,5856277.807145737,2,18233.652124069446,20000.0,0,19
0,44,1,5075449.959637285,1,17754.902439184272,20000.0,0,19
0,45,2,286902.0685015484,2,16286.113031925155,20000.0,0,19
0,46,1,3099274.8402040023,1,16750.554510076843,20000.0,0,19
0,47,0,25582029.637934476,0,17735.79220765781,20000.0,0,19
0,48,2,3177529.6293429467,2,16761.771277955228,20000.0,0,19
0,49,1,10317515.913409756,1,17394.732369435133,20000.0,0,19
0,50,1,7460426.537828708,2,18802.580503720423,20000.0,0,19
0,51,2,1399453.7720433862,2,16513.9560706205,20000.0,0,19
0,52,0,19415711.216982465,0,18036.732721546385,20000.0,0,19
0,53,0,6251418.049448085,0,16725.793824722445,20000.0,0,19
0,54,2,4768762.330252462,2,17331.64658037495,20000.0,0,19
0,55,1,9115227.337770123,1,17374.36392215965,20000.0,0,19
0,56,2,7383943.738262131,2,16149.73262502868,20000.0,0,19
0,57,0,1770992.0204593535,0,18200.264838697924,20000.0,0,19
0,58,1,3252211.9642266277,1,17914.402281604773,20000.0,0,19
0,59,2,851671.8546133887,1,14489.079830734103,20000.0,0,19
0,60,2,4028400.511794138,2,17182.979072149894,20000.0,0,19
0,61,0,15047051.647158785,0,16725.248295163103,20000.0,0,19
0,62,0,1969320.6999191267,0,17019.055449589683,20000.0,0,19
0,63,1,5075533.670560061,2,17743.938251037027,20000.0,0,19
0,64,0,17850438.642128818,0,17983.838069671652,20000.0,0,19
0,65,0,13791871.573214268,0,17487.934923134555,20000.0,0,19
0,66,0,33465917.82657866,0,18296.46022455644,20000.0,0,19
0,67,0,21726933.527479902,0,17004.110116848256,20000.0,0,19
0,68,0,21914599.731332712,0,17405.935369463037,20000.0,0,19
0,69,1,7089429.17218514,1,16502.067158842507,20000.0,0,19
0,70,0,13796708.238697154,0,18388.228487068132,20000.0,0,19
0,71,0,20694294.00862735,0,16288.704913633475,20000.0,0,19
0,72,1,2053129.433037681,1,17295.6210215845,20000.0,0,19
0,73,0,14215420.976570213,0,17077.479443946704,20000.0,0,19
0,74,0,9203864.30101629,0,18445.24714940168,20000.0,0,19
0,75,0,29093678.655984633,0,17868.68517203563,20000.0,0,19
0,76,0,6785023.9699338125,0,16521.536486816643,20000.0,0,19
0,77,1,2679209.24358533,1,18641.711276847236,20000.0,0,19
0,78,0,11729730.38380877,0,18587.87934363814,20000.0,0,19
0,79,0,5032269.701635264,0,17918.41852401398,20000.0,0,19
0,80,0,25066777.337688114,0,17308.428969475885,20000.0,0,19
0,81,1,3673539.012664811,1,17383.45579990727,20000.0,0,19
0,82,0,1849416.5493412842,0,18729.519056900866,20000.0,0,19
0,83,0,16148852.198447684,0,16516.393208653557,20000.0,0,19
0,84,0,14539059.536651624,0,17445.030921931142,20000.0,0,19
0,85,0,12149045.880407648,0,17604.5393704002,20000.0,0,19
0,86,1,12840816.89867246,1,17841.597956857375,20000.0,0,19
0,87,0,18816757.738669157,0,18811.268978775144,20000.0,0,19
0,88,0,7477491.093109521,0,17934.86320238811,20000.0,0,19
0,89,0,5986213.764896841,0,18195.79758771622,20000.0,0,19
0,90,0,13205882.910714678,0,17279.891187845835,20000.0,0,19
0,91,0,22771612.42776297,0,17452.18107726543,20000.0,0,19
0,92,1,5325375.423086601,1,17587.133395242203,20000.0,0,19
0,93,1,2100325.8173918,1,18361.514748914553,20000.0,0,19
0,94,1,27209978.008136988,1,17320.79678415706,20000.0,0,19
0,95,1,20504688.369003713,1,17976.635625924977,20000.0,0,19
0,96,0,20282053.691030327,0,17023.173776673088,20000.0,0,19
0,97,2,16696809.749538645,2,16748.97978886477,20000.0,0,19
0,98,1,9443789.814521829,1,18554.962795629668,20000.0,0,19
0,99,1,1113422.6862596774,2,17530.604763086954,20000.0,0,19
0,100,0,32328144.77567961,0,17722.25812966851,20000.0,0,19
0,1,1,6252123.871540999,1,18231.90773330595,20000.0,0,19
0,2,1,681988.9770579363,1,16683.833185369214,20000.0,0,19
0,3,1,3364250.4328850927,1,18039.45933205636,20000.0,0,19
0,4,0,1809814.3613389551,1,18082.326585729676,20000.0,0,19
0,5,0,8432956.32893197,0,18343.71085150851,20000.0,0,19
0,6,1,6462099.669778722,2,17053.85836081092,20000.0,0,19
0,7,0,12626354.370630823,0,17229.669518360908,20000.0,0,19
0,8,1,9164338.140471363,1,17882.54822997457,20000.0,0,19
0,9,0,21240485.43613127,0,18389.13283808388,20000.0,0,19
0,10,0,9337435.939954296,0,17019.961137134364,20000.0,0,19
0,11,0,16941230.497702394,0,17234.717988928292,20000.0,0,19
0,12,0,16887014.47166456,0,16458.77362601237,20000.0,0,19
0,13,1,1332308.1832675969,2,15725.314947680594,20000.0,0,19
0,14,0,9528793.752896182,0,15835.390982230878,20000.0,0,19
0,15,0,14455946.527799007,0,17770.13483130552,20000.0,0,19
0,16,0,1142616.8325007677,0,16875.805807020453,20000.0,0,19
0,17,0,7882875.834613627,0,16153.790951339846,20000.0,0,19
0,18,0,22199615.598786253,0,17612.112724730938,20000.0,0,19
0,19,1,12905344.225436375,1,16093.51568244265,20000.0,0,19
0,20,0,16366302.618385984,0,16714.588414154216,20000.0,0,19
0,21,0,13596338.882043066,0,16775.584945043218,20000.0,0,19
0,22,0,13054077.877438836,0,17241.405133138498,20000.0,0,19
0,23,0,14180585.888782667,0,16876.850572762978,20000.0,0,19
0,24,0,7816188.509360071,0,17837.576968125268,20000.0,0,19
0,25,0,899204.6278257472,1,17177.124009455794,20000.0,0,19
0,26,0,9958238.944073357,0,17854.334423025608,20000.0,0,19
0,27,1,2945521.240314276,1,18646.373375870793,20000.0,0,19
0,28,0,8025966.8017228665,0,18025.181770399362,20000.0,0,19
0,29,0,28415303.232512534,0,17938.352678762392,20000.0,0,19
0,30,1,7045499.054847093,1,17580.770167265637,20000.0,0,19
0,31,2,4022069.1191415302,2,16750.338765306587,20000.0,0,19
0,32,0,23799219.420422744,0,18048.387201040103,20000.0,0,19
0,33,0,7522934.902445643,0,18084.24967766763,20000.0,0,19
0,34,1,24614408.903735388,1,17807.85852546545,20000.0,0,19
0,35,0,17636306.51617426,0,18036.040555831874,20000.0,0,19
0,36,1,7492057.828797354,1,17511.9324975495,20000.0,0,19
0,37,1,10629205.85380745,1,17781.516319303613,20000.0,0,19
0,38,2,11885123.158325695,2,17915.59740148888,20000.0,0,19
0,39,1,9579122.07748325,1,16375.74670786217,20000.0,0,19
0,40,1,6769727.399209301,1,18262.713054095093,20000.0,0,19
0,41,1,6780810.084174352,1,17759.43235126583,20000.0,0,19
0,42,1,8362022.520252756,2,17491.481234151728,20000.0,0,19
0,43,0,1876790.6757404935,0,16828.190883520772,20000.0,0,19
0,44,0,16639297.42182219,0,17317.23266487606,20000.0,0,19
0,45,2,10335469.803135773,2,18060.133742694677,20000.0,0,19
0,46,0,1969635.9043483993,0,17039.01278773591,20000.0,0,19
0,47,1,6029561.897498405,1,17698.90344342977,20000.0,0,19
0,48,1,27048641.421983615,1,18136.11589887596,20000.0,0,19
0,49,1,17812132.312397804,1,17177.18175724866,20000.0,0,19
0,50,1,10768451.155392831,1,16782.904551544267,20000.0,0,19
0,51,0,18350709.82496504,0,17818.74321881188,20000.0,0,19
0,52,2,9258481.860826436,2,17854.06367995379,20000.0,0,19
0,53,0,14155699.291451557,0,17352.66370870532,20000.0,0,19
0,54,1,12240437.83952516,1,17450.070487004454,20000.0,0,19
0,55,1,16294377.203189319,1,17712.23307383001,20000.0,0,19
0,56,1,11786460.587999092,1,17100.742015332275,20000.0,0,19
0,57,1,13311020.065543024,1,16297.616043929758,20000.0,0,19
0,58,0,11708765.970570175,1,17705.84255958317,20000.0,0,19
0,59,0,18300472.476644382,0,17416.603797686857,20000.0,0,19
0,60,0,5514924.223397795,0,17325.817509166714,20000.0,0,19
0,61,0,16780820.492068756,0,17437.815934716196,20000.0,0,19
0,62,0,2174059.7742620795,0,18346.07117927422,20000.0,0,19
0,63,0,12323849.961964147,0,18341.781189090452,20000.0,0,19
0,64,1,15644950.278960783,1,17016.24849018643,20000.0,0,19
0,65,1,9382835.596857434,1,17211.438379162173,20000.0,0,19
0,66,0,26429960.53280083,0,18257.358171527958,20000.0,0,19
0,67,0,23044152.545276847,0,17926.737391360548,20000.0,0,19
0,68,0,39058436.78386504,0,18857.441357772124,20000.0,0,19
0,69,0,21998618.45620446,0,16906.133777876355,20000.0,0,19
0,70,0,6426143.966012086,0,17084.990740487236,20000.0,0,19
0,71,0,10175730.404825203,0,17299.479270178606,20000.0,0,19
0,72,1,8293601.236053707,1,18546.90248909329,20000.0,0,19
0,73,1,741495.6434755361,1,17806.16425313867,20000.0,0,19
0,74,0,40470164.04420851,0,17707.22392130881,20000.0,0,19
0,75,0,7592484.373448994,0,18204.286758834907,20000.0,0,19
0,76,0,1910191.399007786,1,18393.404051404967,20000.0,0,19
0,77,0,30394393.773564856,0,18428.087861487038,20000.0,0,19
0,78,0,15981623.191607466,0,17130.29594072426,20000.0,0,19
0,79,0,14344281.453284351,0,18113.95039368402,20000.0,0,19
0,80,0,4944521.3443141645,0,18570.64057122502,20000.0,0,19
0,81,0,7117642.711335434,0,16415.801357277465,20000.0,0,19
0,82,0,14057873.244668636,0,16878.081657379236,20000.0,0,19
0,83,1,12725057.56101605,1,17674.463329045306,20000.0,0,19
0,84,0,15358151.832348403,1,17538.217207732265,20000.0,0,19
0,85,0,19389536.52949892,0,17561.657846733477,20000.0,0,19
0,86,0,20202711.467926677,0,17897.939450744212,20000.0,0,19
0,87,1,9388129.522752484,1,17326.043145708747,20000.0,0,19
0,88,1,2847331.025108318,1,17383.084529803604,20000.0,0,19
0,89,0,22113689.46695938,0,16988.514907466095,20000.0,0,19
0,90,1,5275073.779462417,1,16806.968684148487,20000.0,0,19
0,91,2,5926227.348031062,2,18376.24931582846,20000.0,0,19
0,92,1,8541629.827844223,1,18543.22348731549,20000.0,0,19
0,93,0,1260306.8605072866,2,18002.557170894055,20000.0,0,19
0,94,0,20984374.89345578,0,17562.689991465966,20000.0,0,19
0,95,0,20141309.299180042,0,17879.35145319122,20000.0,0,19
0,96,0,8976148.125792164,0,18356.735197677954,20000.0,0,19
0,97,0,13607324.827459347,0,16692.124980850473,20000.0,0,19
0,98,2,11482236.125366237,2,16791.501408704586,20000.0,0,19
0,99,0,28083707.970850963,0,17515.52816315191,20000.0,0,19
0,100,1,8342580.60701671,1,17891.628712801376,20000.0,0,19
0,1,1,4535011.08774851,1,18272.988962622607,20000.0,0,19
0,2,0,7776095.368401987,0,17731.11093616682,20000.0,0,19
0,3,0,11705623.943686519,0,18237.23619239783,20000.0,0,19
0,4,1,3938960.508993605,1,15957.038203536536,20000.0,0,19
0,5,1,13490389.489826418,1,18175.93537446721,20000.0,0,19
0,6,1,6963815.2631656155,1,16811.380038099676,20000.0,0,19
0,7,0,20245799.520482063,0,18250.219477020615,20000.0,0,19
0,8,0,27765108.150757093,0,17556.223530579555,20000.0,0,19
0,9,1,0.0,0,16396.890422273045,20000.0,0,19
0,10,4,102923.7764308704,0,16646.573000468885,20000.0,0,19
0,11,0,12830132.042960381,0,17467.61539887054,20000.0,0,19
0,12,0,15918550.590030193,0,18534.47330929946,20000.0,0,19
0,13,1,6193152.531666076,1,16507.789272082304,20000.0,0,19
0,14,0,13315259.522824816,0,17410.733903206587,20000.0,0,19
0,15,1,9935414.056022333,1,17872.93347130295,20000.0,0,19
0,16,0,10192488.376577865,0,18235.443788402074,20000.0,0,19
0,17,0,17495316.454917993,0,16391.141942746708,20000.0,0,19
0,18,0,10366542.020893529,0,17501.224126374647,20000.0,0,19
0,19,1,9200415.211745484,1,17980.907439203434,20000.0,0,19
0,20,1,6089941.231725513,1,17154.70346732884,20000.0,0,19
0,21,0,17217441.39599371,0,17841.063727421548,20000.0,0,19
0,22,0,8099922.014282921,0,18465.288248218978,20000.0,0,19
0,23,0,25010847.809211068,0,16899.49302487185,20000.0,0,19
0,24,1,27320867.32202984,1,17503.914622448454,20000.0,0,19
0,25,0,12645099.880473495,0,18232.317062286158,20000.0,0,19
0,26,0,19228138.246136796,0,17441.827521858573,20000.0,0,19
0,27,0,1068277.5050152927,0,15730.505266719467,20000.0,0,19
0,28,1,9346548.020160368,1,17030.438494597904,20000.0,0,19
0,29,0,21119463.398949478,0,18293.800641521164,20000.0,0,19
0,30,2,244256.1831390795,1,15721.717038317967,20000.0,0,19
0,31,0,11601926.471208537,0,18425.252421987072,20000.0,0,19
0,32,0,5302269.789304963,0,17246.089424638612,20000.0,0,19
0,33,0,1115078.6417118327,1,17494.91034891923,20000.0,0,19
0,34,0,7472777.168272152,0,17438.280973998204,20000.0,0,19
0,35,1,1909799.7274316738,1,17278.12608055379,20000.0,0,19
0,36,0,10983132.326635785,0,17729.749547149695,20000.0,0,19
0,37,1,11787733.286321817,1,16728.743545340636,20000.0,0,19
0,38,0,9986573.468166966,0,18186.11738735111,20000.0,0,19
0,39,0,17678214.1590791,0,17162.36815881966,20000.0,0,19
0,40,0,16973686.233989373,0,17959.367700457526,20000.0,0,19
0,41,0,14530661.917287579,0,18052.65022496157,20000.0,0,19
0,42,0,18715313.854033377,0,18444.263715747333,20000.0,0,19
0,43,1,17249886.553389166,1,16861.492444951502,20000.0,0,19
0,44,0,7069177.382632458,1,18299.202931651278,20000.0,0,19
0,45,0,25390976.421775293,0,18022.380551074162,20000.0,0,19
0,46,0,18959330.00134695,0,17544.230826809984,20000.0,0,19
0,47,0,5930695.5158955455,0,15909.617884437946,20000.0,0,19
0,48,0,13898564.515105095,0,17634.710501398124,20000.0,0,19
0,49,1,5092577.695639943,1,18404.03902743727,20000.0,0,19
0,50,0,24260084.61889636,0,17795.41404730073,20000.0,0,19
0,51,0,14969219.904477179,0,17481.178855679715,20000.0,0,19
0,52,0,10799064.124349656,0,16944.47602159289,20000.0,0,19
0,53,0,12352919.534232374,0,16379.552962113596,20000.0,0,19
0,54,0,1493441.4863732404,0,16111.531175401024,20000.0,0,19
0,55,1,4834405.619348934,1,17394.851185512056,20000.0,0,19
0,56,2,6206846.049979699,2,16756.979798885885,20000.0,0,19
0,57,2,887696.0410500746,0,15047.539120036621,20000.0,0,19
0,58,0,29201184.19355291,0,17550.959864759672,20000.0,0,19
0,59,0,26960608.412875697,0,17102.885650526983,20000.0,0,19
0,60,1,9842390.037944825,1,17885.21964409099,20000.0,0,19
0,61,0,1817022.6668725135,0,18337.311118373163,20000.0,0,19
0,62,0,20048638.469744783,0,18097.11251939058,20000.0,0,19
0,63,0,8112396.832588977,0,17890.511346165993,20000.0,0,19
0,64,0,3043432.866195145,0,18991.28818605633,20000.0,0,19
0,65,0,7987790.73245428,0,18183.783815344952,20000.0,0,19
0,66,0,222409.0625005653,1,17463.410713703885,20000.0,0,19
0,67,0,14860909.857581377,0,18233.99180301155,20000.0,0,19
0,68,0,1246689.8333651556,0,17380.279594451935,20000.0,0,19
0,69,0,23812547.32690554,0,18403.826265872907,20000.0,0,19
0,70,0,4798199.9020125745,0,17008.00107618459,20000.0,0,19
0,71,0,16633819.090298107,0,17379.298960050925,20000.0,0,19
0,72,0,615308.9095226175,0,18483.59547312249,20000.0,0,19
0,73,0,26648999.148318894,0,17612.30513755208,20000.0,0,19
0,74,1,9434861.974428205,1,17400.5363810214,20000.0,0,19
0,75,1,643060.5925949238,1,16579.59301501357,20000.0,0,19
0,76,0,25094252.650360618,0,17132.088174785396,20000.0,0,19
0,77,0,18905499.957686614,0,17340.18171144333,20000.0,0,19
0,78,0,17577610.197046764,0,17795.622501078877,20000.0,0,19
0,79,0,6870929.895418999,0,18356.26693850804,20000.0,0,19
0,80,0,16034138.007460276,0,18039.97117444606,20000.0,0,19
0,81,0,22573698.101195995,0,17214.297927124713,20000.0,0,19
0,82,0,6202573.262752692,0,17833.255733148275,20000.0,0,19
0,83,0,20355379.13884868,0,17062.800755915847,20000.0,0,19
0,84,1,3713612.281018703,1,18244.95041584713,20000.0,0,19
0,85,1,9033647.568085264,1,17525.727630504563,20000.0,0,19
0,86,0,21850434.25496596,0,17882.50235361188,20000.0,0,19
0,87,1,5525008.977150849,1,18040.701179257154,20000.0,0,19
0,88,0,22564326.444033153,0,17894.04946262124,20000.0,0,19
0,89,1,0.0,0,16474.08924823836,20000.0,0,19
0,90,1,4946260.994420685,1,17851.28580191842,20000.0,0,19
0,91,0,13862542.936513273,0,17034.427793270574,20000.0,0,19
0,92,0,25845112.471029077,0,17349.165406384964,20000.0,0,19
0,93,0,6325211.895106407,0,17781.503207139052,20000.0,0,19
0,94,0,22787491.856048014,0,17668.914141524372,20000.0,0,19
0,95,1,16875712.91144806,1,18551.464184781726,20000.0,0,19
0,96,0,13114550.718848707,0,17937.311403303192,20000.0,0,19
0,97,1,1786422.364994245,1,18709.804157742277,20000.0,0,19
0,98,0,5976240.067646916,0,18209.183263730265,20000.0,0,19
0,99,2,1228304.705724243,2,16901.597522959913,20000.0,0,19
0,100,1,5056478.905976766,1,17825.08965417859,20000.0,0,19
0,1,0,5937199.252382751,0,15911.139884948052,20000.0,0,19
0,2,0,9724711.980931591,0,16400.257099987775,20000.0,0,19
0,3,0,4592102.666747352,0,17840.534958491266,20000.0,0,19
0,4,0,10868439.510134153,0,16603.836119411986,20000.0,0,19
0,5,0,2230768.3954818803,0,18613.95681678013,20000.0,0,19
0,6,0,11439286.010021847,1,17051.6921184498,20000.0,0,19
0,7,1,7330251.144320889,1,18506.49388193897,20000.0,0,19
0,8,1,3934827.192471312,1,16292.62767387955,20000.0,0,19
0,9,2,4967963.136407532,2,18504.67994408473,20000.0,0,19
0,10,0,17269767.9310079,0,17153.883225346763,20000.0,0,19
0,11,0,11834531.839211585,1,16758.230734817695,20000.0,0,19
0,12,0,7562426.9234535,0,17332.490344070156,20000.0,0,19
0,13,1,4094252.107622137,1,17342.910825755942,20000.0,0,19
0,14,0,10141304.874890013,0,16136.093125678792,20000.0,0,19
0,15,0,14038550.120893173,1,18641.579088763952,20000.0,0,19
0,16,0,12870593.45247784,0,18114.090578839732,20000.0,0,19
0,17,1,8274038.654573276,3,16551.20247458469,20000.0,0,19
0,18,1,6554320.348184692,1,17526.322957506756,20000.0,0,19
0,19,0,1369368.5596394169,0,18298.451925212026,20000.0,0,19
0,20,1,7327122.337169171,1,17193.11512899949,20000.0,0,19
0,21,1,5301044.236434636,1,15955.380593381804,20000.0,0,19
0,22,0,6687529.82854843,0,17711.847732920633,20000.0,0,19
0,23,0,16823537.672728058,1,17240.166985646676,20000.0,0,19
0,24,0,20210585.11814818,0,17093.045439361023,20000.0,0,19
0,25,1,14860824.943913566,2,16414.527227808085,20000.0,0,19
0,26,0,26331699.565395445,0,16667.31301522721,20000.0,0,19
0,27,2,3434217.2161844173,2,16856.64893472883,20000.0,0,19
0,28,1,5139826.801424797,1,16309.299169684464,20000.0,0,19
0,29,0,16096151.499359775,0,18737.874868520925,20000.0,0,19
0,30,0,16424148.260548154,1,17579.086711041502,20000.0,0,19
0,31,1,5162972.498085973,1,16648.59601070146,20000.0,0,19
0,32,2,5689923.248554944,2,18490.219601141336,20000.0,0,19
0,33,1,5267837.4493058305,1,17430.783545410704,20000.0,0,19
0,34,1,14984508.837787911,1,17271.799601351613,20000.0,0,19
0,35,0,23964788.522959337,0,18742.92511505112,20000.0,0,19
0,36,2,1082064.9539850347,1,15662.603589181106,20000.0,0,19
0,37,0,12412304.409916708,0,16948.281137039863,20000.0,0,19
0,38,1,6257684.203667543,1,17181.20779757866,20000.0,0,19
0,39,1,13117370.529723095,1,17521.099781657857,20000.0,0,19
0,40,0,23814801.035914656,1,18096.24130957939,20000.0,0,19
0,41,0,991096.2652435582,1,17375.114570448633,20000.0,0,19
0,42,2,5079207.0598424645,3,17703.409871975997,20000.0,0,19
0,43,1,9292997.036525901,1,16993.77352573842,20000.0,0,19
0,44,0,14346756.323267581,0,17685.749013131062,20000.0,0,19
0,45,0,28972756.082059473,0,17800.556558242137,20000.0,0,19
0,46,1,6898349.5354692945,1,16862.699421749145,20000.0,0,19
0,47,0,9118795.803700898,0,17827.4747306328,20000.0,0,19
0,48,0,7405403.347387615,1,16730.209209345445,20000.0,0,19
0,49,1,4407829.057058616,1,17986.44630829918,20000.0,0,19
0,50,0,2386475.8747399347,1,18400.443711929445,20000.0,0,19
0,51,1,15481557.581995206,1,17386.89531901302,20000.0,0,19
0,52,0,6973679.424636746,0,18369.52814585983,20000.0,0,19
0,53,0,10538619.405019233,0,16704.656545223443,20000.0,0,19
0,54,1,15192548.777401656,1,16626.703723512754,20000.0,0,19
0,55,1,8080442.033363685,1,17016.8913709923,20000.0,0,19
0,56,1,1234425.4904876924,1,17442.010119746417,20000.0,0,19
0,57,1,3931582.9195540776,1,16757.334287849404,20000.0,0,19
0,58,1,5167271.998118999,1,16214.162688004493,20000.0,0,19
0,59,1,6899821.636418232,1,18555.29127506491,20000.0,0,19
0,60,1,7964078.407426317,2,18408.30286481806,20000.0,0,19
0,61,0,19106830.11558688,0,17349.60484023876,20000.0,0,19
0,62,0,977304.3388266952,1,17395.757786446142,20000.0,0,19
0,63,0,1626280.452415805,1,18373.164151301346,20000.0,0,19
0,64,1,1929187.2534692353,2,18181.21420746528,20000.0,0,19
0,65,2,5556867.357752758,2,18705.792576329204,20000.0,0,19
0,66,1,5668216.850092727,1,18380.943129537078,20000.0,0,19
0,67,0,6279072.172142721,0,17244.94854637202,20000.0,0,19
0,68,2,7635741.462083443,4,16900.840075869794,20000.0,0,19
0,69,0,8980581.777374974,0,16664.042203374585,20000.0,0,19
0,70,0,854594.4386989134,2,16846.028604982934,20000.0,0,19
0,71,1,3453712.7296857107,1,17665.1266700899,20000.0,0,19
0,72,1,10777615.568858014,1,18616.486757392686,20000.0,0,19
0,73,0,9620667.059226919,0,17947.470454460978,20000.0,0,19
0,74,0,18545288.43120957,1,17397.90178045912,20000.0,0,19
0,75,1,4248446.845271487,1,17309.16631438937,20000.0,0,19
0,76,0,723361.4828712633,1,17193.12131256252,20000.0,0,19
0,77,2,10442565.920081753,3,17184.885604844894,20000.0,0,19
0,78,0,5456028.5733698895,1,18547.50838656234,20000.0,0,19
0,79,1,4535495.513297291,1,17706.0263102784,20000.0,0,19
0,80,1,2460383.7452465626,2,17350.590859710952,20000.0,0,19
0,81,1,16515668.157590514,1,17511.454710576654,20000.0,0,19
0,82,0,64723.74019171012,0,17593.097871473852,20000.0,0,19
0,83,1,8425233.359217247,1,18339.169290213562,20000.0,0,19
0,84,1,3024823.4833049043,1,16841.762033163155,20000.0,0,19
0,85,0,11355158.632195938,0,18443.86038388299,20000.0,0,19
0,86,0,11285292.26304021,0,18018.045111049516,20000.0,0,19
0,87,0,23312603.767094444,0,17474.28341984342,20000.0,0,19
0,88,0,1209534.4199743597,1,17665.672330634286,20000.0,0,19
0,89,0,8139936.113302161,0,17218.742826292008,20000.0,0,19
0,90,1,2442454.4031079835,2,17149.052387877942,20000.0,0,19
0,91,0,14328708.913851283,0,17024.558578388773,20000.0,0,19
0,92,3,5432636.898869647,3,16748.402165874035,20000.0,0,19
0,93,1,6648811.120451303,1,17500.29330914367,20000.0,0,19
0,94,0,15220933.233288731,0,18190.050036748748,20000.0,0,19
0,95,0,8401131.292761724,0,17192.242924376522,20000.0,0,19
0,96,0,7918534.503387089,0,16776.947609115465,20000.0,0,19
0,97,1,2300226.7926509078,1,18162.605285789265,20000.0,0,19
0,98,0,7142047.58445931,0,18100.46577324822,20000.0,0,19
0,99,0,1081993.776208363,3,16959.866944203804,20000.0,0,19
0,100,0,9010172.235439692,0,18058.320642922303,20000.0,0,19
0,1,0,22697919.368686743,0,17675.8151717924,20000.0,0,19
0,2,0,15581963.920095822,0,17503.11196473333,20000.0,0,19
0,3,0,11265271.174329191,0,17012.163037938943,20000.0,0,19
0,4,0,5740511.234926823,0,18333.234117828524,20000.0,0,19
0,5,1,5025130.595822959,1,17114.10396382942,20000.0,0,19
0,6,0,11325557.200864602,0,17111.285458381873,20000.0,0,19
0,7,1,10743544.03370382,1,17162.1283788123,20000.0,0,19
0,8,0,13378855.856469058,0,16041.535208927004,20000.0,0,19
0,9,0,15324437.888793528,0,16497.003578113854,20000.0,0,19
0,10,0,14282035.503028901,0,17126.249942232193,20000.0,0,19
0,11,0,29602384.613910954,0,17994.584385411483,20000.0,0,19
0,12,0,22204530.866004907,0,18105.254784815676,20000.0,0,19
0,13,0,22225986.6749301,0,17838.397399195594,20000.0,0,19
0,14,0,8063457.2519260505,0,17790.363968510123,20000.0,0,19
0,15,1,1378279.2263352762,1,17346.72092536764,20000.0,0,19
0,16,1,10470964.14964568,1,17342.230867894996,20000.0,0,19
0,17,0,19898977.184698883,0,17657.619344329087,20000.0,0,19
0,18,0,6037818.253456766,0,17110.510583254876,20000.0,0,19
0,19,0,23925466.369313166,0,17330.67655383391,20000.0,0,19
0,20,0,10805984.219230596,0,17923.17233483865,20000.0,0,19
0,21,0,12592499.98105937,0,16045.429793844598,20000.0,0,19
0,22,0,19557803.45257073,0,18017.507100850515,20000.0,0,19
0,23,1,2570956.1374568935,1,15867.378022250758,20000.0,0,19
0,24,0,16460988.089458812,0,17971.891331776686,20000.0,0,19
0,25,0,7677667.310128999,0,17070.790368379257,20000.0,0,19
0,26,0,23362825.83490235,0,18610.376295721628,20000.0,0,19
0,27,0,20255431.94988341,0,16330.64001920641,20000.0,0,19
0,28,0,15695936.903235393,0,18691.14266251302,20000.0,0,19
0,29,0,23750077.473450266,0,18450.851599533144,20000.0,0,19
0,30,0,13735432.904304307,0,16966.215391394024,20000.0,0,19
0,31,0,10004768.00888303,0,16449.000595444904,20000.0,0,19
0,32,0,7993661.3133389875,0,18229.402587916527,20000.0,0,19
0,33,0,7683134.015742043,0,17845.566239357006,20000.0,0,19
0,34,1,11286090.612999083,1,16183.811930576952,20000.0,0,19
0,35,0,10832708.441620927,0,18287.95354187962,20000.0,0,19
0,36,0,15785443.208310565,0,18814.640130658856,20000.0,0,19
0,37,1,1193325.824261178,0,15009.336445755122,20000.0,0,19
0,38,0,5091132.749192632,0,16779.36591084662,20000.0,0,19
0,39,0,10129793.880332133,0,18132.560184548744,20000.0,0,19
0,40,0,2234703.6408985103,1,18035.95182728466,20000.0,0,19
0,41,0,12446644.791632986,0,16997.200802008098,20000.0,0,19
0,42,0,8528834.599162437,0,17009.65514364964,20000.0,0,19
0,43,0,13464419.933971541,0,17747.25686033254,20000.0,0,19
0,44,0,13620190.28336662,0,17461.462536116982,20000.0,0,19
0,45,0,5815731.070280418,0,16626.884372304263,20000.0,0,19
0,46,0,6511072.379824088,0,16780.462021238094,20000.0,0,19
0,47,1,18447193.540630564,1,17495.400998483598,20000.0,0,19
0,48,1,5487492.318460602,1,17665.068042202383,20000.0,0,19
0,49,0,13046767.792857265,0,18097.136848385337,20000.0,0,19
0,50,0,16609674.536494825,0,17275.05112102673,20000.0,0,19
0,51,0,1574204.9204806695,0,17015.16744949319,20000.0,0,19
0,52,0,16879964.955841016,0,16773.18080002067,20000.0,0,19
0,53,0,27442121.106058747,0,18386.695392902187,20000.0,0,19
0,54,0,26739571.833737932,0,18462.55399680833,20000.0,0,19
0,55,0,9069130.004506158,0,16327.927411902156,20000.0,0,19
0,56,0,25866982.895497393,0,17422.93943739478,20000.0,0,19
0,57,0,13234383.47011258,0,16720.20418552914,20000.0,0,19
0,58,0,8435371.437451547,0,18477.78961698582,20000.0,0,19
0,59,0,27693974.096274827,0,17728.217973405328,20000.0,0,19
0,60,0,13384808.543722162,0,16863.72774689465,20000.0,0,19
0,61,0,23656920.78322098,0,17116.88760117054,20000.0,0,19
0,62,0,13721352.155618986,0,16795.613303868093,20000.0,0,19
0,63,0,22560256.42317375,0,16544.899895217375,20000.0,0,19
0,64,1,811431.8046454758,1,16755.20646018928,20000.0,0,19
0,65,0,6745264.896840892,0,17826.84605027321,20000.0,0,19
0,66,0,18984557.798675153,0,17579.28308702535,20000.0,0,19
0,67,0,14495030.424739262,0,18019.358720310418,20000.0,0,19
0,68,0,13644724.598886022,0,18001.867916455885,20000.0,0,19
0,69,0,16762511.074090062,0,17078.528337496824,20000.0,0,19
0,70,0,28843434.252535928,0,18177.701178348605,20000.0,0,19
0,71,0,9635469.71046129,0,17309.302496926382,20000.0,0,19
0,72,0,498886.0508618844,1,16954.339739838255,20000.0,0,19
0,73,0,10793072.336784896,0,16904.264371320907,20000.0,0,19
0,74,0,13005945.105447307,0,18192.522843921884,20000.0,0,19
0,75,1,9191711.802336056,1,18698.70960251504,20000.0,0,19
0,76,1,13792696.421271931,1,16845.906103325953,20000.0,0,19
0,77,0,9385502.460345363,1,16127.24203397121,20000.0,0,19
0,78,0,18936916.60576606,0,18649.766972761496,20000.0,0,19
0,79,1,12096004.088532208,1,16027.02881319576,20000.0,0,19
0,80,1,13906141.978020161,1,17318.841101091617,20000.0,0,19
0,81,0,10681567.303092867,0,17316.18612162545,20000.0,0,19
0,82,0,2066767.3982183975,1,16803.12811827535,20000.0,0,19
0,83,0,20307691.80177973,0,17027.50708193531,20000.0,0,19
0,84,0,18064743.069554973,0,18231.23785185585,20000.0,0,19
0,85,0,6602335.345892614,0,17829.85001351897,20000.0,0,19
0,86,0,11147664.749065872,0,18151.40161780013,20000.0,0,19
0,87,0,14499859.683652,0,17609.694972240908,20000.0,0,19
0,88,0,8472444.197846524,0,18048.337280029937,20000.0,0,19
0,89,0,25865011.757753298,0,17412.745293642267,20000.0,0,19
0,90,0,13463350.27929128,0,17129.048548668427,20000.0,0,19
0,91,0,1692072.8102099362,0,17257.621683711848,20000.0,0,19
0,92,0,26675341.819050916,0,16941.24614690892,20000.0,0,19
0,93,0,6007199.259124029,0,17057.854493265124,20000.0,0,19
0,94,0,11646911.647042666,0,17483.936911958383,20000.0,0,19
0,95,0,17922781.89040537,0,18103.25385368832,20000.0,0,19
0,96,0,16021627.67538993,0,17388.76860440445,20000.0,0,19
0,97,0,1413420.8185596287,0,18207.396290841232,20000.0,0,19
0,98,0,7546906.267093415,0,18133.424198222932,20000.0,0,19
0,99,0,18856255.887262817,0,17871.507712713374,20000.0,0,19
0,100,0,11890173.986323515,0,16983.015737861,20000.0,0,19
0,1,2,2427203.94006873,2,17302.98528381262,20000.0,0,19
0,2,0,6463810.8466044795,2,17077.083859205126,20000.0,0,19
0,3,1,6731393.067706293,1,16176.758108375483,20000.0,0,19
0,4,1,1616890.3181172083,1,16632.832680440057,20000.0,0,19
0,5,1,1300050.6030353415,1,18585.69666764264,20000.0,0,19
0,6,1,6672520.106946654,2,17839.55422098855,20000.0,0,19
0,7,0,19339741.486337304,0,16734.86008757874,20000.0,0,19
0,8,1,20881335.632209603,1,17968.26531401542,20000.0,0,19
0,9,2,12930297.920099271,2,18942.246469105732,20000.0,0,19
0,10,1,58226.94973473648,2,15901.160416239085,20000.0,0,19
0,11,3,664873.5748252443,3,16646.427448343853,20000.0,0,19
0,12,1,5603034.812359509,1,16761.16926348216,20000.0,0,19
0,13,1,1166747.7707244146,2,16840.68408367868,20000.0,0,19
0,14,2,8206756.873931241,2,17444.296980518022,20000.0,0,19
0,15,0,21022221.85185038,0,16816.250652404942,20000.0,0,19
0,16,0,7990868.803250078,0,16927.65776345169,20000.0,0,19
0,17,1,23493637.97436663,1,18677.972924669248,20000.0,0,19
0,18,1,11885277.099243015,1,17835.726375531,20000.0,0,19
0,19,0,15928975.063829798,0,17204.562638553623,20000.0,0,19
0,20,1,3354522.8688476337,1,17523.758660825883,20000.0,0,19
0,21,1,12051282.836441964,1,16499.91219454819,20000.0,0,19
0,22,0,15029384.874936711,0,16833.041583691756,20000.0,0,19
0,23,1,6538993.828142672,1,17879.656748094283,20000.0,0,19
0,24,0,15509186.267837709,0,16299.714101990825,20000.0,0,19
0,25,2,2274611.5374309174,2,17273.606531294805,20000.0,0,19
0,26,2,3741641.2314752503,3,18088.176593258246,20000.0,0,19
0,27,0,7803693.940538125,0,18813.055352287996,20000.0,0,19
0,28,1,5156488.385857055,1,16918.24237780733,20000.0,0,19
0,29,1,2416873.9892565366,2,16161.287806052915,20000.0,0,19
0,30,2,2292238.7975708065,2,18632.616542712687,20000.0,0,19
0,31,2,8494090.136682937,2,18515.57596225464,20000.0,0,19
0,32,1,30095863.337199084,1,17181.190186199095,20000.0,0,19
0,33,1,6414038.683057474,1,17599.26367233343,20000.0,0,19
0,34,2,1466278.8212995448,3,18243.485774678546,20000.0,0,19
0,35,0,16057545.59053021,1,18056.115233420256,20000.0,0,19
0,36,0,8747243.940454908,0,17604.73980709284,20000.0,0,19
0,37,0,860595.9331897175,1,18425.972948575854,20000.0,0,19
0,38,1,0.0,1,15928.63673269186,20000.0,0,19
0,39,0,19713924.638297405,1,17089.29653325362,20000.0,0,19
0,40,2,9757837.027148638,2,18151.678704258076,20000.0,0,19
0,41,1,17175047.87135238,2,17168.498309446008,20000.0,0,19
0,42,0,25715491.43125916,0,17811.353416545917,20000.0,0,19
0,43,1,1182698.585112357,1,16635.767897917714,20000.0,0,19
0,44,1,1608978.1831721915,1,17354.325197449667,20000.0,0,19
0,45,0,3367309.325545489,0,16986.243574345972,20000.0,0,19
0,46,0,941313.2720622561,1,18060.30855989154,20000.0,0,19
0,47,1,15610148.41162899,1,17936.79201510352,20000.0,0,19
0,48,0,8096958.5303365905,0,18445.29034722308,20000.0,0,19
0,49,0,12463997.518142506,0,18020.03311307873,20000.0,0,19
0,50,1,148037.03625753772,3,17387.71415330626,20000.0,0,19
0,51,1,6087997.54886168,1,16742.023072453114,20000.0,0,19
0,52,0,18694884.536190253,0,17337.080249534403,20000.0,0,19
0,53,1,1940540.4951297326,2,17368.191223948492,20000.0,0,19
0,54,0,15034963.23056991,0,17383.911276010444,20000.0,0,19
0,55,0,16571205.000995051,0,16533.13183281959,20000.0,0,19
0,56,0,13177449.127638409,1,17634.443424138488,20000.0,0,19
0,57,1,2127174.176870472,3,17281.370855559544,20000.0,0,19
0,58,0,13950531.112818677,0,18350.20022218408,20000.0,0,19
0,59,0,733934.1759518734,2,16812.058744409776,20000.0,0,19
0,60,1,4737269.7639520215,1,17213.614446884356,20000.0,0,19
0,61,0,33783790.58532507,1,16264.925170196579,20000.0,0,19
0,62,0,965604.5680449762,2,17674.796120803814,20000.0,0,19
0,63,1,3518857.923705127,1,16684.61797133333,20000.0,0,19
0,64,1,8703564.593085615,1,18041.73857713245,20000.0,0,19
0,65,0,1889738.4548029539,1,17686.560392350402,20000.0,0,19
0,66,1,2340844.273010755,2,17629.250850851655,20000.0,0,19
0,67,1,3559524.874240513,1,16852.537639608887,20000.0,0,19
0,68,1,17169993.84542109,1,18672.650012834234,20000.0,0,19
0,69,2,5784182.54341888,3,18014.789084517644,20000.0,0,19
0,70,1,10781703.768836867,1,17161.99294976472,20000.0,0,19
0,71,1,8860370.676018395,1,18008.97837222294,20000.0,0,19
0,72,2,9387936.911639316,2,17792.182204369503,20000.0,0,19
0,73,0,11078229.283503022,0,16787.307635362515,20000.0,0,19
0,74,1,7397410.7644647695,1,18005.818778578785,20000.0,0,19
0,75,2,11586644.046136072,2,18151.164691932925,20000.0,0,19
0,76,2,4872598.424788409,2,18152.20049559601,20000.0,0,19
0,77,1,11820967.410818115,1,16310.2111351795,20000.0,0,19
0,78,2,1300947.510443129,2,17333.73196300994,20000.0,0,19
0,79,1,6072041.405756679,1,16874.889391847475,20000.0,0,19
0,80,1,7192459.331470714,1,17356.53102467928,20000.0,0,19
0,81,1,19430642.9303849,1,17992.52775380413,20000.0,0,19
0,82,1,4684651.471803829,1,18275.03966563007,20000.0,0,19
0,83,1,5659856.913120229,1,18034.164021625635,20000.0,0,19
0,84,0,21260434.339223456,1,17207.919838613634,20000.0,0,19
0,85,0,13308796.19236072,0,18070.272159527944,20000.0,0,19
0,86,1,4736864.940583293,1,17805.07193405496,20000.0,0,19
0,87,1,1283167.5018599965,2,16784.977751142196,20000.0,0,19
0,88,2,7244286.456091669,3,16988.637018208996,20000.0,0,19
0,89,2,3361338.14404711,2,16170.87836570298,20000.0,0,19
0,90,2,7388027.386752115,2,17167.954121567895,20000.0,0,19
0,91,1,8610973.987806804,1,17166.198811304133,20000.0,0,19
0,92,0,0.0,0,17605.337582919034,20000.0,0,19
0,93,0,21370634.716847856,0,17907.93350763114,20000.0,0,19
0,94,3,4668070.61863883,3,17917.53463172744,20000.0,0,19
0,95,0,1749878.3843612901,1,17457.464147051443,20000.0,0,19
0,96,0,7576739.788624989,0,17329.022387010387,20000.0,0,19
0,97,0,23338687.84078444,0,18391.153323958948,20000.0,0,19
0,98,1,9259889.074219543,1,18461.26356215539,20000.0,0,19
0,99,2,1213340.8470120076,2,17221.866570316706,20000.0,0,19
0,100,1,1046575.8350681642,1,16970.47586717925,20000.0,0,19
0,1,2,2291034.9196657287,2,17045.9595467235,20000.0,0,19
0,2,0,6802978.222525726,0,16350.105293059587,20000.0,0,19
0,3,1,705584.3812378815,1,16741.24094405799,20000.0,0,19
0,4,0,6683990.6603980465,0,17704.89371442408,20000.0,0,19
0,5,2,6910860.17735872,2,16973.992832344673,20000.0,0,19
0,6,1,1406941.3324851035,1,18211.958160566955,20000.0,0,19
0,7,0,25742152.64953516,0,16850.590587250786,20000.0,0,19
0,8,1,14472754.067328312,1,17887.541320008735,20000.0,0,19
0,9,0,14369887.593504999,0,16638.885722371757,20000.0,0,19
0,10,0,31025488.3919488,0,18535.14431345405,20000.0,0,19
0,11,1,2005815.2916101338,1,16970.283502915558,20000.0,0,19
0,12,0,1339909.5772289496,1,17247.255048027127,20000.0,0,19
0,13,2,426389.78077716636,2,16528.979344694217,20000.0,0,19
0,14,1,1976974.6007048532,1,17396.4309452201,20000.0,0,19
0,15,1,18951365.821602758,1,17719.679461375934,20000.0,0,19
0,16,1,9311183.76764763,1,17558.047452273728,20000.0,0,19
0,17,0,21659981.58792197,0,18427.238654860357,20000.0,0,19
0,18,0,1034810.8738744174,1,17131.9878040511,20000.0,0,19
0,19,1,4879637.883594303,1,18066.22671202586,20000.0,0,19
0,20,0,361529.0945586106,1,15949.573358338992,20000.0,0,19
0,21,0,2932780.228559557,0,15977.08009066526,20000.0,0,19
0,22,1,362278.71462964726,2,17381.72664588625,20000.0,0,19
0,23,1,2420756.0052298135,1,16488.084742918563,20000.0,0,19
0,24,2,4366932.7602081075,2,17578.77972234287,20000.0,0,19
0,25,1,715660.1160640379,2,18131.302721641096,20000.0,0,19
0,26,0,10787585.229926467,0,16408.908300013944,20000.0,0,19
0,27,2,12720748.42874576,2,17930.097456797488,20000.0,0,19
0,28,0,7893984.912439655,0,18022.198613942845,20000.0,0,19
0,29,0,19294406.656796113,0,17190.963100421046,20000.0,0,19
0,30,1,2816432.175721367,2,16510.231192796142,20000.0,0,19
0,31,0,20649742.899781045,0,17923.2795963671,20000.0,0,19
0,32,0,19808711.757922675,0,18231.34337690141,20000.0,0,19
0,33,2,1708551.3651539132,2,17466.18713801408,20000.0,0,19
0,34,1,12678642.115853382,1,18633.35722718317,20000.0,0,19
0,35,1,4925482.469063867,1,18660.010971106854,20000.0,0,19
0,36,1,1086075.945358167,1,16876.785040876068,20000.0,0,19
0,37,2,10353179.08991397,2,17495.88431311857,20000.0,0,19
0,38,0,2395308.8555900226,0,17591.791938780178,20000.0,0,19
0,39,1,2287286.6975395214,1,18546.40917383421,20000.0,0,19
0,40,1,6423304.45529715,1,17023.003660282102,20000.0,0,19
0,41,1,5456088.879789734,1,16810.31358708281,20000.0,0,19
0,42,2,392037.7743711469,2,17248.683482892902,20000.0,0,19
0,43,1,1151822.7573945362,2,17527.199695089657,20000.0,0,19
0,44,3,277820.0727935921,3,17551.587803469876,20000.0,0,19
0,45,1,7069870.824073807,2,18096.62031854727,20000.0,0,19
0,46,1,141908.77499289915,2,17190.100723538195,20000.0,0,19
0,47,2,2439615.5204868102,2,17327.481185335837,20000.0,0,19
0,48,1,16676708.662963435,1,17654.251500540122,20000.0,0,19
0,49,0,20761547.827326935,0,17717.775730709873,20000.0,0,19
0,50,1,5921854.05876062,1,17966.904561929896,20000.0,0,19
0,51,1,40226.12171085995,1,17068.349644350004,20000.0,0,19
0,52,0,6486915.984333703,0,18206.420843955737,20000.0,0,19
0,53,0,23757546.637946445,0,18682.320972508638,20000.0,0,19
0,54,2,1132818.7864602488,2,16642.289669326252,20000.0,0,19
0,55,0,16458086.201844439,0,16793.566055716834,20000.0,0,19
0,56,1,1505522.6182459828,1,17647.997234396047,20000.0,0,19
0,57,0,4903551.819767748,0,17284.542553353047,20000.0,0,19
0,58,0,14281562.386059087,0,16956.30719048816,20000.0,0,19
0,59,0,10000102.327157365,0,17888.635582956304,20000.0,0,19
0,60,1,1686488.9876422104,2,18033.58845863455,20000.0,0,19
0,61,2,4805329.944089041,3,17258.455193828115,20000.0,0,19
0,62,1,11373535.866141371,1,16306.799617097733,20000.0,0,19
0,63,1,2960649.3166379374,1,16630.745650342837,20000.0,0,19
0,64,0,10968544.124343334,0,17703.59323972957,20000.0,0,19
0,65,1,3501700.3728343765,1,17480.528118338123,20000.0,0,19
0,66,1,6255522.917043096,1,18320.803211132017,20000.0,0,19
0,67,1,1526066.299720108,2,17346.11144815993,20000.0,0,19
0,68,3,8362248.396123469,3,16860.389585468707,20000.0,0,19
0,69,2,3208769.022477983,2,17741.181798482725,20000.0,0,19
0,70,2,4904661.64800708,2,17180.692208132474,20000.0,0,19
0,71,1,13475201.409822835,1,16695.121280586693,20000.0,0,19
0,72,0,15132771.020973463,0,18258.799486296663,20000.0,0,19
0,73,0,10047574.120097164,0,18278.394663372732,20000.0,0,19
0,74,1,7342359.791939666,1,17719.524523134467,20000.0,0,19
0,75,1,13356837.296599416,1,17177.444607400386,20000.0,0,19
0,76,3,6213552.200463905,3,16995.48381947931,20000.0,0,19
0,77,1,4877283.9790377645,1,17419.879811458122,20000.0,0,19
0,78,0,5040971.981019882,0,17601.14844248778,20000.0,0,19
0,79,0,554117.4611268385,3,16729.924365803818,20000.0,0,19
0,80,1,3495396.498740348,1,17927.208112240198,20000.0,0,19
0,81,0,35195949.537916504,0,17250.38447666891,20000.0,0,19
0,82,1,3706512.879852922,1,18091.982998240004,20000.0,0,19
0,83,1,1971741.6100781034,3,18519.22150499993,20000.0,0,19
0,84,1,21047269.015986577,1,16855.75911204193,20000.0,0,19
0,85,1,6576528.566771229,1,16447.695708888303,20000.0,0,19
0,86,1,2816612.4712565276,1,18399.0352324848,20000.0,0,19
0,87,0,25350753.888907216,0,17160.51431734921,20000.0,0,19
0,88,1,2238807.3739579455,2,17147.254495662597,20000.0,0,19
0,89,1,21697978.178620942,1,16511.326317907162,20000.0,0,19
0,90,0,486144.52217057085,1,16632.850713958513,20000.0,0,19
0,91,1,12615414.3436697,1,17032.40589094496,20000.0,0,19
0,92,1,7578641.800482601,1,17440.123511820482,20000.0,0,19
0,93,0,13521917.643214667,0,18064.699786731653,20000.0,0,19
0,94,1,9681641.26283698,1,16803.77668484776,20000.0,0,19
0,95,1,20168524.999407623,1,16299.006084837634,20000.0,0,19
0,96,1,9766827.17925308,1,18166.220241491534,20000.0,0,19
0,97,2,8027504.263689701,2,16872.30284999477,20000.0,0,19
0,98,0,7430415.246208944,1,18279.606300138446,20000.0,0,19
0,99,1,14179535.831463551,1,18712.819207890105,20000.0,0,19
0,100,1,2347170.976435819,1,17579.09928319003,20000.0,0,19
0,1,0,10376432.940575566,0,18157.127918562335,20000.0,0,19
0,2,0,5279866.19038403,0,17877.558114177704,20000.0,0,19
0,3,0,14388012.82305447,0,16818.713592824104,20000.0,0,19
0,4,0,16109683.951559478,0,17978.721828762078,20000.0,0,19
0,5,0,1505119.4762022279,1,16760.149180869423,20000.0,0,19
0,6,0,7488343.066109974,0,17463.72018128534,20000.0,0,19
0,7,1,4635049.076855438,1,16835.307697089433,20000.0,0,19
0,8,0,20264333.471750803,0,17930.469429378245,20000.0,0,19
0,9,0,14776017.3885259,0,16659.765492013048,20000.0,0,19
0,10,0,12319152.145128412,0,17896.530133084107,20000.0,0,19
0,11,1,11869056.629733492,1,17220.295924314123,20000.0,0,19
0,12,0,1465305.2473038954,0,18333.243403356224,20000.0,0,19
0,13,1,2959956.3827163074,1,18197.125869921158,20000.0,0,19
0,14,1,5951736.822375086,1,18507.712201401206,20000.0,0,19
0,15,1,6431528.916437873,1,18164.919394870212,20000.0,0,19
0,16,0,19090347.157929845,0,18552.158123960045,20000.0,0,19
0,17,1,3617042.8433451937,2,18025.837858439783,20000.0,0,19
0,18,0,13469423.715239486,0,16699.935100120383,20000.0,0,19
0,19,0,35906189.11754541,0,18417.735501889267,20000.0,0,19
0,20,0,12973796.590231953,0,18159.467577374584,20000.0,0,19
0,21,0,14726311.718922356,0,18083.280900441376,20000.0,0,19
0,22,1,480374.9757982776,1,17612.150820508617,20000.0,0,19
0,23,1,8423031.32772251,1,18381.86169249445,20000.0,0,19
0,24,0,4607000.396265547,0,16747.06517105256,20000.0,0,19
0,25,0,13765385.92513113,0,17470.0500969847,20000.0,0,19
0,26,0,22441267.00700259,0,16659.6156602586,20000.0,0,19
0,27,0,21732774.620208997,0,18472.06718304055,20000.0,0,19
0,28,1,10672783.7597933,1,18355.40400396821,20000.0,0,19
0,29,0,20818375.24870475,0,17051.268750468094,20000.0,0,19
0,30,0,12357990.212103393,0,15821.808566653062,20000.0,0,19
0,31,1,4117310.2197119566,1,18357.219899827447,20000.0,0,19
0,32,0,30253620.196022816,0,15905.556230014345,20000.0,0,19
0,33,0,866547.9750802321,0,17870.57482303238,20000.0,0,19
0,34,0,5090666.8239779305,0,15766.365627525684,20000.0,0,19
0,35,0,10981596.612745756,0,16684.018952667917,20000.0,0,19
0,36,2,1494364.8494373378,2,18420.241055730425,20000.0,0,19
0,37,0,6328631.017532741,0,18232.260490644043,20000.0,0,19
0,38,0,16723637.979601558,0,16665.877915680587,20000.0,0,19
0,39,0,18632428.860221,0,16969.86777807371,20000.0,0,19
0,40,0,1245330.7307311639,1,16004.353792745978,20000.0,0,19
0,41,0,11726705.915870802,0,18401.75497116693,20000.0,0,19
0,42,0,22576880.70100752,0,18270.612808894664,20000.0,0,19
0,43,0,13583870.99242748,0,18410.18256254025,20000.0,0,19
0,44,0,16277326.835339423,0,17348.58792752237,20000.0,0,19
0,45,0,15078269.702388307,0,16958.16326241712,20000.0,0,19
0,46,0,18085341.171129588,0,15965.653922437652,20000.0,0,19
0,47,1,3624433.171880891,1,16923.672177004348,20000.0,0,19
0,48,1,2665619.7048283974,1,16988.02517295387,20000.0,0,19
0,49,0,9559719.726238571,0,16827.277413441952,20000.0,0,19
0,50,0,17373630.063241456,0,16279.535152154864,20000.0,0,19
0,51,0,13105185.51745309,0,16900.459701557138,20000.0,0,19
0,52,0,24269245.065816563,0,18202.512875409637,20000.0,0,19
0,53,1,11507537.192671074,1,16955.51196019134,20000.0,0,19
0,54,0,29576178.96307697,0,18361.97290964468,20000.0,0,19
0,55,0,10320471.604202362,0,17185.3374343017,20000.0,0,19
0,56,0,422235.73605589196,0,16583.940271118867,20000.0,0,19
0,57,1,11313383.496150132,1,17443.519809533023,20000.0,0,19
0,58,0,8382352.551916954,0,16702.836659591707,20000.0,0,19
0,59,0,14986828.986111077,0,17344.99812442648,20000.0,0,19
0,60,0,8526639.56838548,0,17197.81284902989,20000.0,0,19
0,61,0,21967679.57198504,0,18670.36893567667,20000.0,0,19
0,62,0,13742595.905395338,0,18606.739365024223,20000.0,0,19
0,63,0,5779867.884926004,0,16487.72618247264,20000.0,0,19
0,64,0,25643231.113460556,0,16826.694469907947,20000.0,0,19
0,65,1,1209145.7170005897,1,17448.834825294118,20000.0,0,19
0,66,0,13467171.288862564,0,17120.960482786533,20000.0,0,19
0,67,1,13123337.667159718,1,17937.18404736936,20000.0,0,19
0,68,0,8464581.039188314,0,17072.04569767222,20000.0,0,19
0,69,0,27357415.742685888,0,17121.364940836233,20000.0,0,19
0,70,0,1347322.6466209237,1,17835.362184210797,20000.0,0,19
0,71,0,18022002.73709911,0,18066.19663306209,20000.0,0,19
0,72,0,19355113.533952728,0,18543.41783906239,20000.0,0,19
0,73,0,16220240.696912646,0,18848.54397232593,20000.0,0,19
0,74,0,14938029.719126644,0,17171.413857556443,20000.0,0,19
0,75,0,6845380.248965998,0,17488.339667148943,20000.0,0,19
0,76,1,4138258.319083043,1,17571.399507539438,20000.0,0,19
0,77,0,13823733.834996067,0,18716.99606537214,20000.0,0,19
0,78,0,15920719.377229758,0,17025.230554889986,20000.0,0,19
0,79,0,2676782.9169418993,0,17444.574076121393,20000.0,0,19
0,80,0,20097984.747895993,0,18134.342944162705,20000.0,0,19
0,81,0,11535172.102225907,0,16848.83903596772,20000.0,0,19
0,82,0,26672159.5511997,1,17799.0352093722,20000.0,0,19
0,83,0,13253491.628298312,0,15911.4806099724,20000.0,0,19
0,84,2,9109872.036165038,2,18307.658368844117,20000.0,0,19
0,85,0,11920919.070434453,0,18526.853458833888,20000.0,0,19
0,86,0,596909.6232504854,0,18457.8017391124,20000.0,0,19
0,87,0,31883018.088079818,0,17492.45652051644,20000.0,0,19
0,88,0,9844886.424607717,0,18741.79438300096,20000.0,0,19
0,89,0,19971758.535110082,0,17075.470337407067,20000.0,0,19
0,90,0,13977821.981063256,0,18577.763382373836,20000.0,0,19
0,91,0,2359985.9078613175,0,17285.842219804905,20000.0,0,19
0,92,0,29977323.06252045,0,18195.931416979274,20000.0,0,19
0,93,0,1473712.3789919447,0,16418.697133940474,20000.0,0,19
0,94,0,544281.383905717,1,18290.738998316378,20000.0,0,19
0,95,0,17960469.119901706,0,16743.946816942982,20000.0,0,19
0,96,0,20204070.478897728,0,16939.90239644707,20000.0,0,19
0,97,0,7409907.743623919,0,17860.09293252563,20000.0,0,19
0,98,0,14156087.599450069,0,18631.805481570413,20000.0,0,19
0,99,1,6688766.404349124,2,17986.921125043886,20000.0,0,19
0,100,0,10413979.628565393,0,17099.965856065497,20000.0,0,19
0,1,1,6657326.508728104,1,18411.228176204964,20000.0,0,19
0,2,0,11643095.273464851,0,15976.618551431515,20000.0,0,19
0,3,2,115981.21902640318,2,0.0,20000.0,0,19
0,4,0,8349100.799336475,1,16623.394284529415,20000.0,0,19
0,5,1,2944544.8862286247,1,17649.079898981596,20000.0,0,19
0,6,0,14954252.614320902,0,17458.18404191143,20000.0,0,19
0,7,2,3500107.771252367,2,18539.867159134636,20000.0,0,19
0,8,0,11148273.25187688,0,18164.88374193429,20000.0,0,19
0,9,2,5539762.340104631,2,17651.356999136704,20000.0,0,19
0,10,0,13137417.956239803,0,16618.04757330377,20000.0,0,19
0,11,0,9748098.247128868,0,17141.413816709246,20000.0,0,19
0,12,0,16053312.1973686,0,17140.281581559186,20000.0,0,19
0,13,1,8487408.899657484,1,17810.942379462427,20000.0,0,19
0,14,0,8857343.659703584,1,17926.28889571707,20000.0,0,19
0,15,1,10033610.424289322,1,18046.741708577578,20000.0,0,19
0,16,1,11655472.948741917,1,17522.79431823909,20000.0,0,19
0,17,0,14794627.069293937,0,17194.54997738384,20000.0,0,19
0,18,0,17253761.243464418,0,16434.513527099014,20000.0,0,19
0,19,0,8698239.993455395,0,17518.225275612665,20000.0,0,19
0,20,1,534693.8895292385,3,0.0,20000.0,0,19
0,21,0,11099001.759205185,1,0.0,20000.0,0,19
0,22,1,18265889.044473536,1,16656.90086202166,20000.0,0,19
0,23,2,8600239.896207437,2,0.0,20000.0,0,19
0,24,0,21357217.83467564,0,18179.053749688308,20000.0,0,19
0,25,0,4379173.025033722,0,16000.631671672194,20000.0,0,19
0,26,0,5015613.05070378,1,16502.15919214329,20000.0,0,19
0,27,0,20270283.856702894,0,17676.121304618006,20000.0,0,19
0,28,0,23390276.377413433,0,17869.793134425054,20000.0,0,19
0,29,0,21851117.768129416,0,18570.548451022387,20000.0,0,19
0,30,0,35649233.735309124,0,17339.935755330007,20000.0,0,19
0,31,1,409717.4714113367,2,0.0,20000.0,0,19
0,32,1,3401919.4747189637,1,18475.971350796957,20000.0,0,19
0,33,0,1194820.5592487513,1,17225.279324586587,20000.0,0,19
0,34,1,6416882.1675681425,1,17301.812399260853,20000.0,0,19
0,35,0,24162321.923471205,0,17733.09483772514,20000.0,0,19
0,36,1,3712438.395716748,1,18363.96728423893,20000.0,0,19
0,37,0,11004160.939304866,0,17693.57817999023,20000.0,0,19
0,38,0,7171111.878248874,0,16513.047760676734,20000.0,0,19
0,39,0,9741922.938285321,0,17267.445595886496,20000.0,0,19
0,40,1,1111224.671493077,1,0.0,20000.0,0,19
0,41,2,578969.2098247613,3,0.0,20000.0,0,19
0,42,0,1337430.1693704983,1,17948.673198207016,20000.0,0,19
0,43,1,1998476.7838276518,2,0.0,20000.0,0,19
0,44,0,24635479.086270902,0,17145.724207823812,20000.0,0,19
0,45,0,7429662.516262883,0,18741.917837665143,20000.0,0,19
0,46,0,16863333.179993037,0,18190.079702024403,20000.0,0,19
0,47,1,10364444.161545748,1,0.0,20000.0,0,19
0,48,0,14907089.507031279,0,17607.797873145322,20000.0,0,19
0,49,0,7122354.672396218,0,18284.16281822746,20000.0,0,19
0,50,1,7838303.9322843915,1,18646.528975914385,20000.0,0,19
0,51,1,6150846.183413867,1,18355.275749715784,20000.0,0,19
0,52,0,9115949.32093003,0,17512.35181333961,20000.0,0,19
0,53,0,15755845.24926989,0,17705.38976793865,20000.0,0,19
0,54,1,2939136.9008972244,2,0.0,20000.0,0,19
0,55,1,5119480.148770562,1,18703.192709663384,20000.0,0,19
0,56,0,24584617.62864021,0,18001.22255119409,20000.0,0,19
0,57,1,4491386.508457465,1,17435.392345067652,20000.0,0,19
0,58,1,10589371.509648308,1,0.0,20000.0,0,19
0,59,0,1125155.4218954472,1,17172.13139996881,20000.0,0,19
0,60,0,6670004.325612899,0,16287.318547742107,20000.0,0,19
0,61,0,16663667.34865953,0,18230.43663035439,20000.0,0,19
0,62,0,2157391.3215264943,0,18381.996376445877,20000.0,0,19
0,63,0,1459368.668476602,0,15842.680490805138,20000.0,0,19
0,64,0,5733524.495758874,0,18274.036909404436,20000.0,0,19
0,65,0,4426835.976764072,0,17717.66855191247,20000.0,0,19
0,66,2,2660625.128371401,2,18225.254531487557,20000.0,0,19
0,67,1,1351724.841630735,2,17156.439752775754,20000.0,0,19
0,68,0,2801259.8873675107,0,17705.016900470415,20000.0,0,19
0,69,0,27336927.07790898,0,18074.331738765086,20000.0,0,19
0,70,1,3858210.0684737996,1,16284.764542717632,20000.0,0,19
0,71,0,21415581.13010986,0,18530.644715520004,20000.0,0,19
0,72,0,6255407.68471731,0,16258.25769494232,20000.0,0,19
0,73,1,13168747.054488646,1,0.0,20000.0,0,19
0,74,0,10032023.610410392,0,16551.38285007546,20000.0,0,19
0,75,2,3740971.2436118484,2,0.0,20000.0,0,19
0,76,0,11705009.40116883,0,17072.13906636067,20000.0,0,19
0,77,0,13939228.021309154,0,16746.926893304004,20000.0,0,19
0,78,0,11898197.694292426,0,18294.99422971128,20000.0,0,19
0,79,0,3849922.8141111555,1,16937.406497756896,20000.0,0,19
0,80,0,31816618.635767423,0,17259.81226056794,20000.0,0,19
0,81,0,17265858.423242126,0,17162.897261568385,20000.0,0,19
0,82,2,3513643.0162237464,2,17051.093174939586,20000.0,0,19
0,83,1,7648867.786884144,1,18441.529183683662,20000.0,0,19
0,84,0,33438373.084849752,0,17221.95904086405,20000.0,0,19
0,85,1,18419238.9252165,1,18104.77677406738,20000.0,0,19
0,86,3,334598.47748982173,1,16526.630820562004,20000.0,0,19
0,87,0,13084253.370921183,0,17584.22976316307,20000.0,0,19
0,88,0,2430714.6126391217,1,16418.160695212046,20000.0,0,19
0,89,0,31206515.50083002,1,17230.41318865894,20000.0,0,19
0,90,1,4343018.449611319,1,18495.670532258107,20000.0,0,19
0,91,0,11776843.738109723,0,17667.002697423693,20000.0,0,19
0,92,1,9453183.931824774,1,17905.67599225086,20000.0,0,19
0,93,2,1212554.940063018,2,18141.131326369887,20000.0,0,19
0,94,1,417511.2411924502,1,0.0,20000.0,0,19
0,95,1,1472164.095330739,1,18649.724474199207,20000.0,0,19
0,96,0,12194081.228540972,0,17687.44340078874,20000.0,0,19
0,97,1,1569249.3339943537,1,17485.660967014483,20000.0,0,19
0,98,0,2131742.3604510613,0,18009.13400015634,20000.0,0,19
0,99,0,36772182.475587875,0,17785.855786407043,20000.0,0,19
0,100,1,2029392.2860655861,1,17311.288031383996,20000.0,0,19
0,1,1,12621559.428565213,1,18011.799008776234,20000.0,0,19
0,2,0,12859310.588702474,0,18011.980096049643,20000.0,0,19
0,3,2,11547038.665393667,2,18467.85537153373,20000.0,0,19
0,4,1,1646089.0755675684,1,18174.17357485442,20000.0,0,19
0,5,0,1895784.5654323508,0,16459.47247839653,20000.0,0,19
0,6,1,11678312.854472732,1,17309.709230697954,20000.0,0,19
0,7,0,13627620.95842763,0,17309.196444726887,20000.0,0,19
0,8,1,2833562.7078259205,1,17498.14696695996,20000.0,0,19
0,9,1,16363871.228469623,1,16483.15611980825,20000.0,0,19
0,10,0,11808805.208733765,0,17936.16148812681,20000.0,0,19
0,11,0,7315103.653517796,0,18016.870582726522,20000.0,0,19
0,12,0,22366060.554282717,0,16604.11658609792,20000.0,0,19
0,13,1,17551741.312759887,1,17428.720540169634,20000.0,0,19
0,14,0,1124137.9033690244,1,0.0,20000.0,0,19
0,15,1,12738389.896858023,1,18197.57327253749,20000.0,0,19
0,16,0,6010901.909427716,1,16898.330900523913,20000.0,0,19
0,17,1,19791907.831473555,1,17842.161523314116,20000.0,0,19
0,18,0,7409554.517417471,0,17028.99634867695,20000.0,0,19
0,19,0,2226535.1044954956,0,18616.3850022637,20000.0,0,19
0,20,1,352189.3348668121,2,16968.8916077707,20000.0,0,19
0,21,2,5365255.036436912,2,18402.378611722423,20000.0,0,19
0,22,0,5629560.99718372,0,17069.967983217986,20000.0,0,19
0,23,1,279442.4159928144,1,0.0,20000.0,0,19
0,24,1,9797051.201213626,1,0.0,20000.0,0,19
0,25,1,12015573.057855548,1,17725.954198844545,20000.0,0,19
0,26,2,5277716.033764873,2,17304.202907382976,20000.0,0,19
0,27,2,0.0,3,0.0,20000.0,0,19
0,28,0,28339911.1571036,0,17502.045120301795,20000.0,0,19
0,29,1,29020848.727828335,1,17565.969991524114,20000.0,0,19
0,30,1,6629788.091103378,1,18282.54939966522,20000.0,0,19
0,31,1,33413334.352940306,1,0.0,20000.0,0,19
0,32,1,2662319.4893539427,2,17636.4945184073,20000.0,0,19
0,33,0,10405274.600026863,0,17839.21983650415,20000.0,0,19
0,34,0,617858.8742419787,0,18490.231036360692,20000.0,0,19
0,35,1,8778656.18508481,1,17054.295146663397,20000.0,0,19
0,36,0,18118984.228025682,0,17047.202948766047,20000.0,0,19
0,37,2,4344025.243382823,2,16709.295315129933,20000.0,0,19
0,38,1,1187795.7606398156,2,17602.337008319824,20000.0,0,19
0,39,0,6007210.805358823,0,17428.64183061754,20000.0,0,19
0,40,1,6632289.986130898,1,17485.432926979087,20000.0,0,19
0,41,1,440370.6266944218,2,17628.96721010667,20000.0,0,19
0,42,0,5230629.1015551025,1,17113.077896051913,20000.0,0,19
0,43,1,1709090.7182936417,2,0.0,20000.0,0,19
0,44,2,16533.47608488155,3,0.0,20000.0,0,19
0,45,2,2395166.7903317455,2,18888.847796129525,20000.0,0,19
0,46,3,342495.82493350294,3,18743.725934934242,20000.0,0,19
0,47,3,4499127.82729201,3,0.0,20000.0,0,19
0,48,0,13090606.691862274,0,16582.429254571132,20000.0,0,19
0,49,0,8431159.287273291,1,17613.257939394978,20000.0,0,19
0,50,1,3943511.965597924,1,16456.39535716625,20000.0,0,19
0,51,0,38452392.993656226,0,17899.40249580408,20000.0,0,19
0,52,0,252943.99450604845,1,0.0,20000.0,0,19
0,53,0,22163009.958316546,0,18547.104409928477,20000.0,0,19
0,54,1,25905322.796241358,1,0.0,20000.0,0,19
0,55,0,15808538.032599997,0,18518.896188698112,20000.0,0,19
0,56,0,29040486.974125113,0,17196.24064852018,20000.0,0,19
0,57,1,1493693.1505464313,1,17765.92871117073,20000.0,0,19
0,58,3,1106440.9793789163,4,0.0,20000.0,0,19
0,59,1,8404568.512452152,1,16683.669110174378,20000.0,0,19
0,60,1,2249882.768166305,1,15733.78714862135,20000.0,0,19
0,61,1,432292.3146494726,2,18263.227715717945,20000.0,0,19
0,62,1,17338847.689867865,1,16668.33181816388,20000.0,0,19
0,63,1,1355051.5921911949,2,18339.729786003845,20000.0,0,19
0,64,2,813394.1994007532,3,18131.620099863118,20000.0,0,19
0,65,0,6849065.451934987,0,16639.15953241518,20000.0,0,19
0,66,0,17090973.663716633,0,15755.064804205544,20000.0,0,19
0,67,0,21215100.200131238,0,16637.343736080187,20000.0,0,19
0,68,2,7684220.8580142995,2,18414.791459989494,20000.0,0,19
0,69,0,10485307.574722182,0,18335.993585331824,20000.0,0,19
0,70,1,2090324.4829095718,1,17106.185864529616,20000.0,0,19
0,71,1,1610362.339965055,1,17276.037051944186,20000.0,0,19
0,72,1,5898325.272512607,2,17956.101898999263,20000.0,0,19
0,73,0,12815492.654055323,0,17959.10857622407,20000.0,0,19
0,74,1,7538402.557906466,1,0.0,20000.0,0,19
0,75,0,17144014.263186403,0,15782.683762444123,20000.0,0,19
0,76,0,4586237.901405048,0,18170.921044684113,20000.0,0,19
0,77,1,22770289.295341782,1,17256.855193418764,20000.0,0,19
0,78,0,496111.14187112276,2,0.0,20000.0,0,19
0,79,1,388373.6623475928,2,0.0,20000.0,0,19
0,80,0,8317101.237181833,0,16771.045360302865,20000.0,0,19
0,81,4,1099587.8583384228,5,0.0,20000.0,0,19
0,82,1,9426261.326405598,1,17316.667165411123,20000.0,0,19
0,83,0,447645.88426309335,2,0.0,20000.0,0,19
0,84,2,4674028.105660712,2,0.0,20000.0,0,19
0,85,0,475535.1457616354,1,17328.66126566062,20000.0,0,19
0,86,1,8491418.211386759,1,16816.501830912122,20000.0,0,19
0,87,1,6450119.631936846,1,17912.239968647675,20000.0,0,19
0,88,3,6073918.234035066,3,17877.807589096858,20000.0,0,19
0,89,1,15453407.878992204,1,16472.9444458592,20000.0,0,19
0,90,1,4297236.241876825,1,18137.43690637697,20000.0,0,19
0,91,1,2767324.8946495946,1,0.0,20000.0,0,19
0,92,0,18734907.101934783,0,16733.176246057545,20000.0,0,19
0,93,0,1594611.8420018826,1,18369.935253983193,20000.0,0,19
0,94,1,6452902.772085371,1,18744.433846529035,20000.0,0,19
0,95,0,13152796.80327682,0,17233.94451260226,20000.0,0,19
0,96,0,180264.96081813175,2,18371.17901441026,20000.0,0,19
0,97,1,9638479.652765159,1,17196.36027071755,20000.0,0,19
0,98,2,5830328.476590376,2,0.0,20000.0,0,19
0,99,2,763450.7573550119,2,17676.641488280977,20000.0,0,19
0,100,0,7394832.32933609,0,17821.471164397317,20000.0,0,19
