,hh_id,migrations,wealth,num_shocked,wtp,wta,found_work,tick
0,1,0,1259785.026244617,3,17831.294529834136,20000.0,0,19
0,2,0,0.0,3,15271.026558578627,20000.0,0,19
0,3,0,282403.2947122972,3,15883.40197317286,20000.0,0,19
0,4,0,26307580.051976006,3,18156.331078000167,20000.0,0,19
0,5,1,29987255.54636024,2,18455.649063649584,20000.0,0,19
0,6,0,378190.96580957784,2,17775.331357261144,20000.0,0,19
0,7,0,590554.7623262892,3,18304.53980327754,20000.0,0,19
0,8,0,511410.51670431456,4,17790.18777854516,20000.0,0,19
0,9,0,0.0,4,15371.464953019879,20000.0,0,19
0,10,0,405813.0360836502,3,17530.5404615101,20000.0,0,19
0,11,0,570714.0689796122,4,17004.11430747167,20000.0,0,19
0,12,0,157584.52063928416,4,17575.571267413052,20000.0,0,19
0,13,0,373063.22526866384,4,17495.50593258053,20000.0,0,19
0,14,0,1068792.7969296689,2,18784.428755240813,20000.0,0,19
0,15,0,136690.31023802608,3,15995.970961830652,20000.0,0,19
0,16,0,1132557.261353994,4,17205.001689552722,20000.0,0,19
0,17,0,0.0,3,15273.895533061748,20000.0,0,19
0,18,0,15352922.935883528,2,18617.967847182088,20000.0,0,19
0,19,0,1093276.5597007156,3,17216.628781064646,20000.0,0,19
0,20,0,978621.0233164247,3,17528.624251782276,20000.0,0,19
0,21,0,8946629.779210862,3,18140.56542882318,20000.0,0,19
0,22,0,403570.9432071922,3,18565.718181654065,20000.0,0,19
0,23,0,13732901.3536832,4,18530.57312533362,20000.0,0,19
0,24,0,4704510.079060998,4,18557.32666340624,20000.0,0,19
0,25,0,15669.927466775029,4,17234.40613738492,20000.0,0,19
0,26,1,8770373.650505569,4,18884.60493433885,20000.0,0,19
0,27,0,15303859.401112752,4,19142.02727402419,20000.0,0,19
0,28,0,291758.15446746117,3,16638.538472633234,20000.0,0,19
0,29,0,57681.30349843558,4,16316.067702201744,20000.0,0,19
0,30,0,1344346.2819900904,3,18072.772643695476,20000.0,0,19
0,31,0,411569.8588651213,4,15241.038726356694,20000.0,0,19
0,32,0,549737.1707824375,3,17724.888924122948,20000.0,0,19
0,33,0,685567.1435698961,4,17351.664392153256,20000.0,0,19
0,34,0,0.0,4,17940.40818504957,20000.0,0,19
0,35,0,211697.83437175362,4,17305.422538229686,20000.0,0,19
0,36,0,1893172.3180692198,2,18033.69351828706,20000.0,0,19
0,37,0,1209192.3761865275,4,18872.66183609056,20000.0,0,19
0,38,0,451836.87659942324,4,18744.21856071762,20000.0,0,19
0,39,0,265687.84966199164,4,17638.615857578472,20000.0,0,19
0,40,0,0.0,4,17782.350565477078,20000.0,0,19
0,41,0,0.0,3,17012.567080103152,20000.0,0,19
0,42,0,608523.3572328943,4,15843.870128157636,20000.0,0,19
0,43,0,335873.33733434766,3,16527.910916472127,20000.0,0,19
0,44,0,0.0,3,15347.306744290156,20000.0,0,19
0,45,0,450115.10086827714,3,16297.670409018681,20000.0,0,19
0,46,0,18302339.233886875,4,17762.608709692864,20000.0,0,19
0,47,0,20677.28882946333,3,16892.1118362512,20000.0,0,19
0,48,0,523080.4046533813,4,16213.209828160594,20000.0,0,19
0,49,0,6631.892277979248,2,17275.365440448313,20000.0,0,19
0,50,0,9400226.715421783,3,19038.468420096146,20000.0,0,19
0,51,0,0.0,3,16919.959751379443,20000.0,0,19
0,52,0,0.0,3,14338.400725044168,20000.0,0,19
0,53,0,835892.9876205159,2,17607.867546949747,20000.0,0,19
0,54,0,8629748.253583537,2,17600.781233578295,20000.0,0,19
0,55,0,457404.08974883053,1,18521.496695733225,20000.0,0,19
0,56,0,190452.80581448306,4,15648.862748636078,20000.0,0,19
0,57,0,353741.4251787984,3,16771.14232438627,20000.0,0,19
0,58,0,19996009.691426396,4,18335.726744315223,20000.0,0,19
0,59,0,62351.817377576255,4,16948.494293049258,20000.0,0,19
0,60,0,994574.5256035579,3,18890.17997845834,20000.0,0,19
0,61,0,294119.3962660547,1,17860.033512289756,20000.0,0,19
0,62,0,13547169.721451381,3,18376.943683799193,20000.0,0,19
0,63,0,451927.0130708688,4,16445.549550834057,20000.0,0,19
0,64,0,1279077.806928497,3,17867.175859791223,20000.0,0,19
0,65,0,1335874.6924640797,3,17693.166023382368,20000.0,0,19
0,66,0,0.0,3,17544.425503272294,20000.0,0,19
0,67,0,17531501.816272125,1,18110.53860295944,20000.0,0,19
0,68,0,724811.4378485807,1,16254.303351836183,20000.0,0,19
0,69,0,0.0,3,16191.142355964357,20000.0,0,19
0,70,0,283020.7925689261,2,17932.733564933053,20000.0,0,19
0,71,0,9196854.67299363,3,18078.417648235885,20000.0,0,19
0,72,0,1327728.8858284517,2,18362.66438292035,20000.0,0,19
0,73,0,1647197.8045872138,4,18826.15134421485,20000.0,0,19
0,74,0,790656.1635917027,3,16967.589681476144,20000.0,0,19
0,75,0,917846.1920737558,3,17473.077400921946,20000.0,0,19
0,76,0,618904.5376258311,2,18603.27937966864,20000.0,0,19
0,77,0,1156320.3148386579,4,18445.58055422715,20000.0,0,19
0,78,0,879734.1244618889,4,18372.49292950278,20000.0,0,19
0,79,0,463843.14408290025,4,18787.255252500196,20000.0,0,19
0,80,0,267336.42446542205,4,17845.540580088684,20000.0,0,19
0,81,0,607444.295506494,3,16838.778127987694,20000.0,0,19
0,82,0,1014459.6056505167,4,17180.613199844873,20000.0,0,19
0,83,0,436314.37332369265,3,17130.063685044,20000.0,0,19
0,84,0,880150.875327308,4,18129.59742395018,20000.0,0,19
0,85,0,973132.0324832329,4,17516.25501812424,20000.0,0,19
0,86,0,248762.85975485394,3,17783.816065989147,20000.0,0,19
0,87,0,326218.0105499068,3,16450.266385535968,20000.0,0,19
0,88,0,8629.221034327202,4,17750.845017344862,20000.0,0,19
0,89,0,430034.12168071885,3,17083.80724556554,20000.0,0,19
0,90,0,6727410.506752889,4,17986.01935024089,20000.0,0,19
0,91,0,0.0,3,16288.860687206221,20000.0,0,19
0,92,0,0.0,2,16049.469271230937,20000.0,0,19
0,93,0,673524.9312949101,3,18539.635789646192,20000.0,0,19
0,94,0,194427.33034118294,3,17256.078535517034,20000.0,0,19
0,95,0,0.0,4,17058.24110514972,20000.0,0,19
0,96,0,1710.7710026400891,3,16026.881075220577,20000.0,0,19
0,97,0,130424.59920775547,4,17369.735814446445,20000.0,0,19
0,98,0,299094.0855971897,3,18928.94162457561,20000.0,0,19
0,99,0,12116.912775661738,3,16631.066088771193,20000.0,0,19
0,100,0,943319.4998707889,3,17077.908063409526,20000.0,0,19
0,1,0,15391293.043310693,4,18791.111727987914,20000.0,0,19
0,2,0,735423.2966062344,4,18615.47816801495,20000.0,0,19
0,3,0,25239429.931287985,4,18447.703959855644,20000.0,0,19
0,4,0,561275.4197675127,3,18173.671400519055,20000.0,0,19
0,5,0,1794671.3470579896,2,18295.21104633445,20000.0,0,19
0,6,0,0.0,3,15153.858165319492,20000.0,0,19
0,7,0,433719.8448208566,3,17739.165204943074,20000.0,0,19
0,8,0,0.0,5,14829.708558716447,20000.0,0,19
0,9,0,578970.8266507728,3,16969.185239165006,20000.0,0,19
0,10,1,5935429.928054025,5,18482.473489841675,20000.0,0,19
0,11,0,872855.338358792,3,15583.936166806112,20000.0,0,19
0,12,0,999727.5527777061,4,18064.775977588786,20000.0,0,19
0,13,0,1177711.3563959901,5,17126.750409761124,20000.0,0,19
0,14,0,2209959.0264363578,2,17309.91038003677,20000.0,0,19
0,15,0,7290882.607084558,5,18898.747225239218,20000.0,0,19
0,16,0,841062.5827917638,4,16760.102958791977,20000.0,0,19
0,17,0,424305.07306537323,3,17357.084726074176,20000.0,0,19
0,18,0,530506.7464426134,4,17187.12636524478,20000.0,0,19
0,19,0,902862.5712203095,5,18013.137519010645,20000.0,0,19
0,20,0,18100522.284711264,5,18451.917728122262,20000.0,0,19
0,21,0,106018.50545855341,5,14305.390945510318,20000.0,0,19
0,22,0,37739.9692386571,5,16954.724156354612,20000.0,0,19
0,23,0,0.0,4,16410.693020648032,20000.0,0,19
0,24,0,6794166.583096615,4,18124.207228526564,20000.0,0,19
0,25,0,1635416.8282429676,4,18946.159993510104,20000.0,0,19
0,26,0,1716193.7482917795,4,17718.85959436648,20000.0,0,19
0,27,0,184781.80564549784,3,18588.778277537862,20000.0,0,19
0,28,0,0.0,4,14791.95485826153,20000.0,0,19
0,29,0,626435.2482935423,4,18740.75136265711,20000.0,0,19
0,30,0,544833.4648381703,3,16575.524403876927,20000.0,0,19
0,31,0,490738.3070377314,3,16558.753720473393,20000.0,0,19
0,32,0,11405332.266139632,4,18139.591525960994,20000.0,0,19
0,33,0,25896.01312612064,4,16249.271235604427,20000.0,0,19
0,34,0,1078357.6703895726,3,18019.664964742566,20000.0,0,19
0,35,0,1839001.1183684198,3,17939.855653706836,20000.0,0,19
0,36,0,0.0,1,16880.702930672716,20000.0,0,19
0,37,0,0.0,4,17490.752318706705,20000.0,0,19
0,38,0,433786.3147970365,3,16610.242105904643,20000.0,0,19
0,39,0,188608.28454236075,4,14694.404064890867,20000.0,0,19
0,40,0,362458.9702701459,4,16053.235352302074,20000.0,0,19
0,41,0,273862.6583880846,5,16316.379882453784,20000.0,0,19
0,42,0,0.0,4,17675.78981351192,20000.0,0,19
0,43,0,178154.79173453254,5,18143.412955401614,20000.0,0,19
0,44,0,0.0,5,13744.680174990803,20000.0,0,19
0,45,0,405077.4812037167,5,16824.692949196502,20000.0,0,19
0,46,0,715003.5655337505,3,18276.748180615883,20000.0,0,19
0,47,0,1873904.1685743863,4,17974.354134019693,20000.0,0,19
0,48,0,112188.88074100086,4,16702.856143684457,20000.0,0,19
0,49,0,0.0,3,16642.43961229134,20000.0,0,19
0,50,0,0.0,5,16828.226472105318,20000.0,0,19
0,51,0,17236740.15461283,5,19116.208664846126,20000.0,0,19
0,52,0,930514.9950314667,5,17034.416175422604,20000.0,0,19
0,53,0,1431632.4014891428,3,18342.01575853338,20000.0,0,19
0,54,0,1274398.0427132645,5,17835.960572516302,20000.0,0,19
0,55,0,191380.97906190337,1,16595.16497828204,20000.0,0,19
0,56,0,0.0,4,15667.668969715625,20000.0,0,19
0,57,1,26961557.89551152,3,17713.63237570803,20000.0,0,19
0,58,0,983421.8467024297,4,18235.486497299782,20000.0,0,19
0,59,0,1257346.293246523,5,17249.172058165008,20000.0,0,19
0,60,0,263501.0617332816,5,17780.462422872744,20000.0,0,19
0,61,0,8896909.159098849,3,18268.206625122253,20000.0,0,19
0,62,0,0.0,3,15172.16772491082,20000.0,0,19
0,63,0,926020.091787685,4,17244.863485732396,20000.0,0,19
0,64,0,0.0,3,16755.26853953069,20000.0,0,19
0,65,1,15141713.850457402,5,18311.09171188728,20000.0,0,19
0,66,0,502616.0998357555,5,17534.604886643065,20000.0,0,19
0,67,0,89600.69331421341,5,17621.297552866527,20000.0,0,19
0,68,0,0.0,4,10540.30701672863,20000.0,0,19
0,69,0,0.0,5,15433.720353548186,20000.0,0,19
0,70,0,157257.85570675877,4,18028.49629871899,20000.0,0,19
0,71,0,530204.1458175047,5,17883.674950593006,20000.0,0,19
0,72,0,15760.945874892845,5,17148.75626591458,20000.0,0,19
0,73,0,1935456.92500012,4,17992.617970212552,20000.0,0,19
0,74,0,909379.1563947664,4,17992.988385943936,20000.0,0,19
0,75,0,317985.4046159189,5,18698.7542548021,20000.0,0,19
0,76,0,1359997.4043613742,4,17014.23855183264,20000.0,0,19
0,77,0,0.0,4,15091.349637531006,20000.0,0,19
0,78,0,14138756.495634515,5,17974.636316401575,20000.0,0,19
0,79,0,1406497.6241428368,2,17570.97298853603,20000.0,0,19
0,80,0,17122783.137212574,5,17983.374174390312,20000.0,0,19
0,81,0,662190.7181225574,4,17582.18458482267,20000.0,0,19
0,82,0,624235.371012098,5,17207.27014325051,20000.0,0,19
0,83,0,0.0,4,17838.57630264683,20000.0,0,19
0,84,0,1170111.2565120049,4,16878.88339528792,20000.0,0,19
0,85,0,1050802.98373672,3,16756.13364711553,20000.0,0,19
0,86,0,85453.68141137717,5,17362.589902003037,20000.0,0,19
0,87,0,9868883.95922313,5,18664.564729516507,20000.0,0,19
0,88,0,0.0,1,17775.907656980806,20000.0,0,19
0,89,0,0.0,4,17495.82061046945,20000.0,0,19
0,90,0,1489318.9630733766,4,17611.914327595314,20000.0,0,19
0,91,0,0.0,4,16172.800557588365,20000.0,0,19
0,92,0,362646.909687234,3,16523.91731128439,20000.0,0,19
0,93,0,14226943.076505058,4,17719.279104176956,20000.0,0,19
0,94,0,0.0,4,17352.155325291984,20000.0,0,19
0,95,0,24100.54065023757,4,17887.431983050094,20000.0,0,19
0,96,0,758975.5587259561,5,17696.343349000555,20000.0,0,19
0,97,0,0.0,4,16365.380025645865,20000.0,0,19
0,98,0,0.0,4,15208.590823748433,20000.0,0,19
0,99,0,167586.0891656435,4,17690.19009309716,20000.0,0,19
0,100,0,0.0,4,14342.206911507694,20000.0,0,19
0,1,0,171726.39937653625,3,16774.535733177836,20000.0,0,19
0,2,0,320841.20996201003,3,14673.640980181139,20000.0,0,19
0,3,0,442041.53514005186,4,18532.230880787964,20000.0,0,19
0,4,0,0.0,2,15148.72311471095,20000.0,0,19
0,5,0,1038673.9412778086,3,18009.297558618062,20000.0,0,19
0,6,0,11854.39763672887,3,17287.52090251458,20000.0,0,19
0,7,0,479960.9973995455,3,16726.563589082645,20000.0,0,19
0,8,0,1312110.318546108,1,17609.53428513269,20000.0,0,19
0,9,0,1041758.5750853417,3,17162.396900451753,20000.0,0,19
0,10,0,12901.457681503161,4,16528.719902768662,20000.0,0,19
0,11,0,1209158.6579620684,2,15806.6643661843,20000.0,0,19
0,12,0,307591.3603519339,3,18073.155631840484,20000.0,0,19
0,13,0,1898708.5634882986,2,18683.897530229133,20000.0,0,19
0,14,0,413168.96700888866,4,17909.83457116464,20000.0,0,19
0,15,0,499868.4705698696,4,18662.136636537904,20000.0,0,19
0,16,0,472895.46105243906,4,17679.937775960585,20000.0,0,19
0,17,0,1341172.1251125173,3,17236.331154135612,20000.0,0,19
0,18,0,374347.6947926802,4,15885.7629145577,20000.0,0,19
0,19,0,13406097.794421207,3,18873.375283213107,20000.0,0,19
0,20,0,428220.57322712516,3,18060.858987662734,20000.0,0,19
0,21,0,402305.87570633925,2,18304.476745983564,20000.0,0,19
0,22,0,312948.2870851425,3,18100.689633191698,20000.0,0,19
0,23,0,388241.32857767696,2,18748.996781506874,20000.0,0,19
0,24,0,142002.30495812793,4,17362.461153892396,20000.0,0,19
0,25,0,559832.1789314861,4,17001.77956314884,20000.0,0,19
0,26,0,826625.8954886404,3,18866.375867844534,20000.0,0,19
0,27,0,506070.8680863156,4,18397.40758179855,20000.0,0,19
0,28,0,469207.4218378437,3,15584.66982339796,20000.0,0,19
0,29,0,0.0,4,0.0,20000.0,0,19
0,30,0,446459.79913891194,4,18420.017132529963,20000.0,0,19
0,31,0,1076721.2984889129,4,18653.7915588669,20000.0,0,19
0,32,0,0.0,4,12616.769674051413,20000.0,0,19
0,33,0,0.0,4,8668.158114440123,20000.0,0,19
0,34,0,8668947.930782795,3,18393.182556098007,20000.0,0,19
0,35,0,119476.4968268328,2,18204.474189156037,20000.0,0,19
0,36,0,18088.44564421088,2,16134.566578222275,20000.0,0,19
0,37,0,503339.7755364821,2,16922.4932024581,20000.0,0,19
0,38,0,520422.7842399595,3,17666.912505709217,20000.0,0,19
0,39,0,386060.8617697555,2,15990.10605536067,20000.0,0,19
0,40,0,0.0,1,17602.92900627587,20000.0,0,19
0,41,0,0.0,3,15744.730935827094,20000.0,0,19
0,42,0,706385.5749786061,4,18802.452562368308,20000.0,0,19
0,43,0,67695.92143241147,4,16703.425765443266,20000.0,0,19
0,44,0,863657.6766191704,4,17018.59910586554,20000.0,0,19
0,45,0,917369.7673154502,4,16682.49049671684,20000.0,0,19
0,46,0,1083155.8712811673,3,17177.0697357996,20000.0,0,19
0,47,0,648183.4684019777,4,17980.240680799645,20000.0,0,19
0,48,0,338182.0838934372,3,18584.487801181487,20000.0,0,19
0,49,0,0.0,2,17286.54440376119,20000.0,0,19
0,50,0,456213.1168193117,3,18555.542086856243,20000.0,0,19
0,51,0,192442.88191788684,4,17690.563404743432,20000.0,0,19
0,52,0,18819606.047061805,3,18605.515387948482,20000.0,0,19
0,53,0,188923.27924465638,2,17806.080762115198,20000.0,0,19
0,54,0,953431.6477313963,4,17400.877222870477,20000.0,0,19
0,55,0,245954.27056143293,3,17409.22510322142,20000.0,0,19
0,56,0,0.0,3,16198.218297741143,20000.0,0,19
0,57,0,210704.6549494326,4,16312.027758229891,20000.0,0,19
0,58,0,0.0,4,16510.65225192152,20000.0,0,19
0,59,0,709828.5915622404,4,17516.102119111303,20000.0,0,19
0,60,0,129683.42427232533,4,17522.122130422442,20000.0,0,19
0,61,0,0.0,3,15624.483068375223,20000.0,0,19
0,62,0,11622297.990364421,4,18571.818855448546,20000.0,0,19
0,63,0,83906.05758711485,4,17445.51197443369,20000.0,0,19
0,64,0,357549.0885705227,4,17635.024719590525,20000.0,0,19
0,65,0,341028.19936512725,4,17514.76494691251,20000.0,0,19
0,66,0,14918.515397867955,3,14976.051658538907,20000.0,0,19
0,67,0,380418.0667910467,1,17106.25681049475,20000.0,0,19
0,68,0,0.0,4,15175.607946806103,20000.0,0,19
0,69,0,64119.5196925152,4,15745.018756117197,20000.0,0,19
0,70,0,107596.45880946731,4,16012.365515736294,20000.0,0,19
0,71,0,830987.8961694473,3,18766.808004214967,20000.0,0,19
0,72,0,135867.92692476953,4,17687.2125804439,20000.0,0,19
0,73,0,203596.65510391112,2,18694.218261741815,20000.0,0,19
0,74,0,0.0,4,15483.066481127906,20000.0,0,19
0,75,0,12200392.723675013,2,18958.194421507887,20000.0,0,19
0,76,0,975170.1265323816,4,16723.52853151323,20000.0,0,19
0,77,0,763468.6759067784,2,17156.333195438503,20000.0,0,19
0,78,1,3861919.894383812,2,19011.193874324843,20000.0,0,19
0,79,0,257477.90409625653,3,16036.713318740769,20000.0,0,19
0,80,0,489678.12288059574,4,17592.24591106286,20000.0,0,19
0,81,0,328478.5441812934,4,17523.5321587092,20000.0,0,19
0,82,0,1070174.3441358027,3,17420.924608585137,20000.0,0,19
0,83,0,348814.58753527194,4,17981.782827737505,20000.0,0,19
0,84,0,294647.7038342549,3,16729.71249952877,20000.0,0,19
0,85,0,0.0,4,15620.049957553705,20000.0,0,19
0,86,0,14176404.240095446,4,17695.174213014106,20000.0,0,19
0,87,0,9080251.734011259,3,18293.895382913306,20000.0,0,19
0,88,0,475790.32628570177,2,16675.746531330788,20000.0,0,19
0,89,0,1053379.0958275013,3,17185.15146589761,20000.0,0,19
0,90,0,0.0,3,13983.576873933647,20000.0,0,19
0,91,0,0.0,4,16814.97585130022,20000.0,0,19
0,92,0,582430.2851113983,4,17270.375683761653,20000.0,0,19
0,93,0,8323670.392353136,3,18976.646063901793,20000.0,0,19
0,94,0,191317.11939118823,4,18149.329146577238,20000.0,0,19
0,95,0,633165.4134395794,4,16749.28034061372,20000.0,0,19
0,96,0,478205.02708143316,2,16802.76485985668,20000.0,0,19
0,97,0,1575201.6078584858,3,18320.014616895325,20000.0,0,19
0,98,0,688757.7311843529,4,16947.993579086095,20000.0,0,19
0,99,0,771075.4695164397,3,18702.19744521492,20000.0,0,19
0,100,0,108903.33530893222,4,16997.11795972576,20000.0,0,19
0,1,0,34240.93723582878,6,16731.495516844912,20000.0,0,19
0,2,0,0.0,4,15451.813130201888,20000.0,0,19
0,3,0,372862.03144544386,5,16435.22177741357,20000.0,0,19
0,4,0,125679.88354877406,4,18093.32686382078,20000.0,0,19
0,5,0,75181.051028974,3,17198.815689310875,20000.0,0,19
0,6,0,346071.2711672166,5,18540.237848058307,20000.0,0,19
0,7,0,28377.002210845385,6,18554.04217011363,20000.0,0,19
0,8,0,102593.06955259123,5,17928.500220835354,20000.0,0,19
0,9,0,269057.71851804876,6,18499.27917390742,20000.0,0,19
0,10,0,0.0,4,15977.01275868424,20000.0,0,19
0,11,0,2049.4918709984195,5,15728.94409934834,20000.0,0,19
0,12,0,323562.2351894884,5,17675.637358043583,20000.0,0,19
0,13,0,2621592.181144844,5,18257.97887029288,20000.0,0,19
0,14,0,40925.65068428885,6,17480.36901780031,20000.0,0,19
0,15,0,0.0,3,17284.980772011742,20000.0,0,19
0,16,0,185901.25328794116,6,16994.514071552287,20000.0,0,19
0,17,0,77602.55436056631,5,18946.105095625215,20000.0,0,19
0,18,0,0.0,5,15314.485340252253,20000.0,0,19
0,19,0,5499321.192582266,5,18651.086541299785,20000.0,0,19
0,20,0,82585.71463883217,6,17327.55104563087,20000.0,0,19
0,21,0,75200.03681517136,5,17511.11315639841,20000.0,0,19
0,22,0,0.0,5,16228.066402774819,20000.0,0,19
0,23,0,199487.12517897855,5,17015.876633136053,20000.0,0,19
0,24,0,223677.6051402639,6,18293.879501098647,20000.0,0,19
0,25,1,6359152.201394041,6,19140.970432816506,20000.0,0,19
0,26,0,339313.7877009089,6,19059.717622768585,20000.0,0,19
0,27,0,0.0,4,12828.71043570493,20000.0,0,19
0,28,0,58984.23595373161,6,18040.30377794967,20000.0,0,19
0,29,0,0.0,5,16854.624401681864,20000.0,0,19
0,30,0,222701.3932175592,6,17751.306766456753,20000.0,0,19
0,31,0,3951334.1654035295,5,18011.743274249322,20000.0,0,19
0,32,0,9480278.49377665,5,19148.54865268711,20000.0,0,19
0,33,0,637612.3316655536,2,17479.892677643238,20000.0,0,19
0,34,0,0.0,3,10755.155152585854,20000.0,0,19
0,35,0,794063.863731087,3,17589.4250941358,20000.0,0,19
0,36,0,0.0,5,18142.46925516382,20000.0,0,19
0,37,0,0.0,6,16872.626705133775,20000.0,0,19
0,38,0,271618.6426098575,6,17372.012393886776,20000.0,0,19
0,39,0,210283.09942776756,4,17506.434077903807,20000.0,0,19
0,40,0,128743.50390780285,6,15831.369520936558,20000.0,0,19
0,41,0,0.0,5,8156.382793619281,20000.0,0,19
0,42,0,444546.7345181062,4,17005.75295053944,20000.0,0,19
0,43,0,3662964.38662294,6,18103.564323581388,20000.0,0,19
0,44,0,0.0,6,16931.367529929437,20000.0,0,19
0,45,0,0.0,4,16933.520369854563,20000.0,0,19
0,46,0,4833.453027905576,6,17489.45236677304,20000.0,0,19
0,47,0,48876.52910806227,5,18350.973408553775,20000.0,0,19
0,48,0,0.0,4,16490.52876184841,20000.0,0,19
0,49,0,152701.33021830762,5,17306.661911373336,20000.0,0,19
0,50,0,4813739.239237239,5,18616.15277163956,20000.0,0,19
0,51,0,0.0,6,16413.684973392716,20000.0,0,19
0,52,0,193474.84578964015,5,18646.4325122487,20000.0,0,19
0,53,0,75872.93148023887,5,15859.146889774007,20000.0,0,19
0,54,0,0.0,5,15149.48123388541,20000.0,0,19
0,55,0,12182258.445112908,5,18504.1062875806,20000.0,0,19
0,56,0,387423.37880947883,5,16742.560852233142,20000.0,0,19
0,57,0,57120.54553482933,6,18552.966125001327,20000.0,0,19
0,58,0,290716.9708845861,5,18648.47329006284,20000.0,0,19
0,59,0,186817.27560470364,4,17582.60343657744,20000.0,0,19
0,60,0,339924.97862917924,4,18897.507291359605,20000.0,0,19
0,61,0,0.0,5,15512.475261107016,20000.0,0,19
0,62,0,4459.111444118433,4,17778.694465257402,20000.0,0,19
0,63,0,66621.39804059378,5,16187.24271718527,20000.0,0,19
0,64,2,3105155.1497782986,5,18003.50250174415,20000.0,0,19
0,65,0,435854.26135009003,5,17300.45400306845,20000.0,0,19
0,66,0,1581435.5002425022,6,18577.376927653448,20000.0,0,19
0,67,0,120042.47240875865,5,16863.61798271065,20000.0,0,19
0,68,0,0.0,4,16205.958200763562,20000.0,0,19
0,69,0,227109.79066570927,3,17870.383059169017,20000.0,0,19
0,70,0,129728.07887984594,4,15161.595472336812,20000.0,0,19
0,71,0,312617.4517833498,5,18573.699026349394,20000.0,0,19
0,72,0,455729.9444744906,4,18716.279983316384,20000.0,0,19
0,73,0,43871.25264905664,5,17824.441011695562,20000.0,0,19
0,74,0,210863.98653789717,4,17433.191262930282,20000.0,0,19
0,75,0,28242.33463476089,4,17012.011837848953,20000.0,0,19
0,76,0,1513294.3870665743,3,17740.72474734248,20000.0,0,19
0,77,0,128327.9122217831,6,17298.869281252948,20000.0,0,19
0,78,0,1579962.4004694996,5,18269.511055925133,20000.0,0,19
0,79,0,0.0,6,16156.346060750257,20000.0,0,19
0,80,0,13227.560092493775,4,17271.644171047254,20000.0,0,19
0,81,0,57469.415697435616,4,17204.82240285816,20000.0,0,19
0,82,0,458042.3867388031,6,18682.54072322849,20000.0,0,19
0,83,0,211379.79417701514,5,18211.237136063446,20000.0,0,19
0,84,0,62648.37506412079,4,17063.175928063454,20000.0,0,19
0,85,0,0.0,6,0.0,20000.0,0,19
0,86,0,0.0,5,16040.104339369136,20000.0,0,19
0,87,0,6535120.643943832,5,17893.920503384397,20000.0,0,19
0,88,0,173050.25122012198,6,17290.327587615175,20000.0,0,19
0,89,0,897967.5268181253,5,17954.417449177385,20000.0,0,19
0,90,0,231171.56535222183,5,17238.518369502166,20000.0,0,19
0,91,0,0.0,4,11879.122169429325,20000.0,0,19
0,92,0,668051.6100808219,3,17137.78344985409,20000.0,0,19
0,93,0,99525.3409192347,5,16421.040049732528,20000.0,0,19
0,94,0,8469769.921318822,4,18428.67411824578,20000.0,0,19
0,95,0,0.0,4,17499.615203804446,20000.0,0,19
0,96,0,135380.90329570958,6,17861.507683498538,20000.0,0,19
0,97,0,668894.5755966597,5,18640.350075151353,20000.0,0,19
0,98,0,0.0,5,16541.46563521508,20000.0,0,19
0,99,0,273771.2380186631,5,17117.859449824573,20000.0,0,19
0,100,0,145272.5662025353,5,18206.95162264809,20000.0,0,19
0,1,0,790875.6898948416,1,18543.68325393569,20000.0,0,19
0,2,0,1049800.6279081781,0,18144.55785387985,20000.0,0,19
0,3,0,832380.5481290192,1,18079.11485203771,20000.0,0,19
0,4,0,1137687.2932602766,1,17823.084115191166,20000.0,0,19
0,5,0,229845.29762710226,1,17024.121872020245,20000.0,0,19
0,6,0,787707.5540137026,1,17842.42825575869,20000.0,0,19
0,7,0,0.0,1,15560.874031117524,20000.0,0,19
0,8,0,0.0,1,16533.45956005115,20000.0,0,19
0,9,0,1021830.5676352335,0,17998.375346478933,20000.0,0,19
0,10,0,0.0,1,17774.71169796978,20000.0,0,19
0,11,0,3172819.090671157,0,17611.625977590684,20000.0,0,19
0,12,0,0.0,1,16404.028461092486,20000.0,0,19
0,13,0,2538161.1758531546,1,17354.06729925574,20000.0,0,19
0,14,0,0.0,1,17571.24552599849,20000.0,0,19
0,15,0,2073191.6233367433,1,17722.69382735131,20000.0,0,19
0,16,0,1508656.2212200598,1,18652.60790744498,20000.0,0,19
0,17,0,324132.6042147311,1,17362.09703548024,20000.0,0,19
0,18,0,8695914.56835071,1,18675.354947203843,20000.0,0,19
0,19,0,0.0,1,12511.9130487034,20000.0,0,19
0,20,0,701127.5922938145,1,15184.952676271221,20000.0,0,19
0,21,0,241528.91722406217,1,17021.426932690752,20000.0,0,19
0,22,0,0.0,1,13460.0816693687,20000.0,0,19
0,23,0,0.0,1,17707.368639911838,20000.0,0,19
0,24,0,772084.234383062,1,16882.58878874484,20000.0,0,19
0,25,0,470923.1953948444,1,15569.715809147732,20000.0,0,19
0,26,0,22109886.836106252,0,17870.604501805254,20000.0,0,19
0,27,0,970196.2246638204,0,17792.97735399275,20000.0,0,19
0,28,0,0.0,0,16991.359851221543,20000.0,0,19
0,29,0,643150.787173304,1,18407.99071833299,20000.0,0,19
0,30,0,20469452.524125256,0,18674.54446322802,20000.0,0,19
0,31,0,725516.8660506277,1,18361.669347559604,20000.0,0,19
0,32,0,0.0,1,15963.705655749047,20000.0,0,19
0,33,0,399151.1972711872,1,17480.954669006453,20000.0,0,19
0,34,0,1367183.2034108536,0,17649.433038676074,20000.0,0,19
0,35,0,216682.35301946237,1,15468.973315218806,20000.0,0,19
0,36,0,487866.9974476232,1,18490.747051354316,20000.0,0,19
0,37,0,1445699.168537209,1,17167.181571957186,20000.0,0,19
0,38,0,1424035.48536937,1,18949.210537787963,20000.0,0,19
0,39,0,19447.857033713313,1,15634.17333086416,20000.0,0,19
0,40,0,0.0,1,15465.722696183353,20000.0,0,19
0,41,0,1227507.1222429257,1,18844.217004106078,20000.0,0,19
0,42,0,1100541.9227950575,1,18775.264894250708,20000.0,0,19
0,43,0,17942647.093409676,1,18059.604017673202,20000.0,0,19
0,44,0,0.0,1,16236.46019767901,20000.0,0,19
0,45,0,796141.8627053112,1,17695.053782793766,20000.0,0,19
0,46,0,0.0,1,15960.17575410001,20000.0,0,19
0,47,0,0.0,1,15733.7688009322,20000.0,0,19
0,48,0,974482.6585580119,1,16915.890381035493,20000.0,0,19
0,49,0,0.0,1,17959.70412235984,20000.0,0,19
0,50,0,0.0,1,15142.651161295213,20000.0,0,19
0,51,1,14716693.52476333,1,18518.002094057643,20000.0,0,19
0,52,0,0.0,0,13554.593078833772,20000.0,0,19
0,53,0,846144.1306545779,1,17896.953289268073,20000.0,0,19
0,54,0,100403.84360070278,1,18448.159944775125,20000.0,0,19
0,55,0,803950.6625778292,1,17750.979169175753,20000.0,0,19
0,56,0,1386063.17436174,1,18103.146771690976,20000.0,0,19
0,57,0,149427.7128130768,1,14805.13516148853,20000.0,0,19
0,58,0,17508.131748989807,1,16280.944004966723,20000.0,0,19
0,59,1,24462795.181040265,1,18985.50922071306,20000.0,0,19
0,60,0,362783.24718246935,0,16482.489121485494,20000.0,0,19
0,61,0,1860074.2093897292,1,17622.94518459017,20000.0,0,19
0,62,0,66989.87446110912,1,17415.06007944204,20000.0,0,19
0,63,0,31972.29982620348,1,16511.332341297948,20000.0,0,19
0,64,0,0.0,1,14283.694408680312,20000.0,0,19
0,65,0,0.0,1,17303.095330972443,20000.0,0,19
0,66,0,40905712.02427055,0,18423.301429962678,20000.0,0,19
0,67,0,0.0,0,14682.261671986491,20000.0,0,19
0,68,0,84387.36314096629,1,16700.26368087145,20000.0,0,19
0,69,0,0.0,0,17797.81065383255,20000.0,0,19
0,70,0,295190.91398630204,1,16012.52123244568,20000.0,0,19
0,71,0,1578553.1531176232,1,18568.170098460323,20000.0,0,19
0,72,0,730591.471998805,1,17440.48264576845,20000.0,0,19
0,73,0,343827.4867814452,1,18168.605861953256,20000.0,0,19
0,74,0,199681.74298992654,0,16818.184467834006,20000.0,0,19
0,75,0,0.0,1,13811.101985014117,20000.0,0,19
0,76,0,0.0,1,17312.997031580893,20000.0,0,19
0,77,0,159119.42391113052,1,18041.633190225537,20000.0,0,19
0,78,0,348599.65174115275,1,16463.86959675229,20000.0,0,19
0,79,0,2172772.984336394,1,18622.548371782086,20000.0,0,19
0,80,0,1935561.702127764,0,16751.156144605007,20000.0,0,19
0,81,0,1906472.3976341519,1,18534.499245253493,20000.0,0,19
0,82,0,614676.5814264568,1,16879.104643067614,20000.0,0,19
0,83,0,455235.3642088005,1,15162.753784374909,20000.0,0,19
0,84,0,499775.51903391525,1,17043.2331825615,20000.0,0,19
0,85,0,1687127.5142718141,1,18502.054663465922,20000.0,0,19
0,86,0,834095.4768760152,1,18581.48528681395,20000.0,0,19
0,87,0,287754.5849032517,1,18129.927552791785,20000.0,0,19
0,88,0,1208525.5126427836,1,18763.723665573692,20000.0,0,19
0,89,0,18736698.312918205,1,18399.030311049883,20000.0,0,19
0,90,0,0.0,1,15754.83495265137,20000.0,0,19
0,91,0,0.0,1,15511.486126707363,20000.0,0,19
0,92,0,0.0,1,15239.244973813193,20000.0,0,19
0,93,0,0.0,1,17015.682067969257,20000.0,0,19
0,94,0,427894.80916928174,1,18113.543755083785,20000.0,0,19
0,95,0,0.0,1,17501.342688137604,20000.0,0,19
0,96,0,282171.47444389015,1,16412.98805554296,20000.0,0,19
0,97,0,470473.5561534043,1,15880.585527581383,20000.0,0,19
0,98,0,1594027.6904764278,0,17165.800976628714,20000.0,0,19
0,99,0,29645887.17990164,1,18530.185574709143,20000.0,0,19
0,100,0,360662.86947087676,1,17558.868635600338,20000.0,0,19
0,1,0,0.0,3,0.0,20000.0,0,19
0,2,0,0.0,3,15004.33710073957,20000.0,0,19
0,3,0,11358.130600508332,3,18124.88693564512,20000.0,0,19
0,4,0,6430895.275803999,3,18215.184998168355,20000.0,0,19
0,5,0,5650.619484686875,0,18214.730995027872,20000.0,0,19
0,6,0,315298.21669712366,3,16107.417474374586,20000.0,0,19
0,7,0,0.0,3,17703.30849005463,20000.0,0,19
0,8,0,7921163.928731122,1,18780.98968278198,20000.0,0,19
0,9,0,0.0,3,15313.651903154047,20000.0,0,19
0,10,0,1353491.000160075,2,17915.29832716701,20000.0,0,19
0,11,0,2147619.406967009,1,18066.476227961597,20000.0,0,19
0,12,0,7336798.535667338,2,17831.95487674901,20000.0,0,19
0,13,0,11038289.037807556,2,18449.305620622774,20000.0,0,19
0,14,0,484200.2137965659,3,16439.781233989648,20000.0,0,19
0,15,0,42170.47436898529,2,17180.560976027726,20000.0,0,19
0,16,0,501044.9619004645,2,16639.209270820054,20000.0,0,19
0,17,0,234975.90191079385,3,16695.81413823415,20000.0,0,19
0,18,0,738884.0789057305,2,18015.550504118575,20000.0,0,19
0,19,0,910614.7335763812,2,16643.08548355679,20000.0,0,19
0,20,0,321161.767418814,1,17495.565404397643,20000.0,0,19
0,21,0,377289.33986362023,3,16502.784496899345,20000.0,0,19
0,22,0,1079286.7448875308,2,18132.877456357688,20000.0,0,19
0,23,0,8396073.571002241,2,18947.155379276734,20000.0,0,19
0,24,0,0.0,3,15658.181699501933,20000.0,0,19
0,25,0,0.0,3,15253.155873237247,20000.0,0,19
0,26,0,0.0,2,14730.961734712746,20000.0,0,19
0,27,0,633095.5737308419,3,17123.922514986076,20000.0,0,19
0,28,0,235304.8726175009,3,16310.4402907747,20000.0,0,19
0,29,0,3978100.0099256192,3,19019.45223476547,20000.0,0,19
0,30,0,407803.0201697064,3,15864.849001062266,20000.0,0,19
0,31,0,1974895.2645665298,1,18985.31832572327,20000.0,0,19
0,32,0,1164153.714477909,3,17345.715134905673,20000.0,0,19
0,33,0,0.0,3,11932.823873573356,20000.0,0,19
0,34,0,586086.8547461192,3,16667.57621326683,20000.0,0,19
0,35,0,178080.82108172507,3,18865.275623897727,20000.0,0,19
0,36,0,12029.072751087282,2,17913.021328652863,20000.0,0,19
0,37,0,427629.3024163932,2,18499.64402235008,20000.0,0,19
0,38,0,1709617.160302064,3,17450.856928788144,20000.0,0,19
0,39,0,579111.630570118,3,18506.17559959357,20000.0,0,19
0,40,0,0.0,3,11612.099490982822,20000.0,0,19
0,41,0,0.0,3,11822.778946248332,20000.0,0,19
0,42,0,691400.9670815716,1,17302.423407712664,20000.0,0,19
0,43,0,551016.0952234626,3,17874.55788180179,20000.0,0,19
0,44,0,1137237.1198887597,3,17902.782529298987,20000.0,0,19
0,45,0,349238.36693841754,2,17591.303731421536,20000.0,0,19
0,46,0,0.0,2,15731.003063027702,20000.0,0,19
0,47,0,160661.30144447155,3,16769.177301767733,20000.0,0,19
0,48,0,970938.7337223944,2,17475.520035634283,20000.0,0,19
0,49,0,8425.856478710193,3,15533.710727438316,20000.0,0,19
0,50,0,527334.8592796634,2,17229.582597454602,20000.0,0,19
0,51,0,0.0,3,18237.13395460728,20000.0,0,19
0,52,0,1419483.8641554336,2,17556.93080018051,20000.0,0,19
0,53,0,0.0,3,16677.6392535577,20000.0,0,19
0,54,0,0.0,3,14449.282595491717,20000.0,0,19
0,55,0,1580319.5344941423,2,17495.39597390971,20000.0,0,19
0,56,0,0.0,3,16545.768539925415,20000.0,0,19
0,57,0,893537.7636782082,3,16764.46217930853,20000.0,0,19
0,58,0,62842.66167266472,2,18034.27833929668,20000.0,0,19
0,59,0,262185.7771340191,2,17721.63300172069,20000.0,0,19
0,60,0,1689436.312887565,1,18391.09380419746,20000.0,0,19
0,61,0,751436.5682363058,1,18354.105278754676,20000.0,0,19
0,62,0,0.0,2,16033.551856518317,20000.0,0,19
0,63,0,7465585.916662421,2,18991.35225227501,20000.0,0,19
0,64,0,574801.8018004056,2,18281.899834922417,20000.0,0,19
0,65,0,285254.0764337139,2,18028.691714633133,20000.0,0,19
0,66,0,116476.04830876872,3,16447.98378811761,20000.0,0,19
0,67,0,938627.8603667194,3,18295.898099954462,20000.0,0,19
0,68,0,1237154.2860121685,2,17953.56808253534,20000.0,0,19
0,69,0,235280.38682038395,3,16799.53934054896,20000.0,0,19
0,70,0,756257.373172792,3,17521.45157179218,20000.0,0,19
0,71,0,0.0,3,14618.77177651105,20000.0,0,19
0,72,0,0.0,2,15071.99030248214,20000.0,0,19
0,73,0,416710.6063873589,3,18699.05587354473,20000.0,0,19
0,74,0,272028.6242312966,3,18038.442752761697,20000.0,0,19
0,75,0,0.0,3,17575.12172911602,20000.0,0,19
0,76,0,0.0,3,17775.49573378043,20000.0,0,19
0,77,0,553856.8154841682,2,17845.32079305527,20000.0,0,19
0,78,0,404520.1243201306,2,16577.63153973969,20000.0,0,19
0,79,0,0.0,2,14731.075559684648,20000.0,0,19
0,80,0,8274324.143089994,2,17570.032959000197,20000.0,0,19
0,81,0,41136.57305904248,1,16278.35589080452,20000.0,0,19
0,82,0,768946.1405695247,2,18034.520720713303,20000.0,0,19
0,83,0,451516.47318934853,2,16453.15861923677,20000.0,0,19
0,84,0,0.0,2,16333.012438105356,20000.0,0,19
0,85,0,46721.51293937715,3,17771.440909791432,20000.0,0,19
0,86,0,0.0,1,16963.905710347874,20000.0,0,19
0,87,0,0.0,2,17476.447144392227,20000.0,0,19
0,88,0,0.0,1,14204.645755685176,20000.0,0,19
0,89,0,0.0,2,16953.13204425638,20000.0,0,19
0,90,0,0.0,3,16859.01862055501,20000.0,0,19
0,91,0,777266.1885681143,3,18792.893486120367,20000.0,0,19
0,92,0,0.0,3,13499.367877299715,20000.0,0,19
0,93,0,55776.35968390688,3,17348.43607668567,20000.0,0,19
0,94,1,10613529.947742328,3,19034.277775065475,20000.0,0,19
0,95,0,0.0,2,17391.739738963286,20000.0,0,19
0,96,0,97062.02948150192,2,17029.45430343703,20000.0,0,19
0,97,0,1171204.9756981612,1,17019.770128095166,20000.0,0,19
0,98,0,70367.77523231733,3,17752.845274299285,20000.0,0,19
0,99,0,1147712.3589595358,2,16741.80808381011,20000.0,0,19
0,100,0,3265604.2018811363,3,18040.377911192118,20000.0,0,19
0,1,0,0.0,2,16829.3279618811,20000.0,0,19
0,2,0,24472.398753622023,1,17080.222090116808,20000.0,0,19
0,3,0,516943.4112239115,2,15084.27581377775,20000.0,0,19
0,4,0,641519.4650438691,2,17359.309709031062,20000.0,0,19
0,5,0,0.0,2,17378.77444356163,20000.0,0,19
0,6,0,0.0,0,15332.41083622442,20000.0,0,19
0,7,0,12360861.700231194,2,18357.751457202594,20000.0,0,19
0,8,0,1094392.0466042664,2,18540.589974676506,20000.0,0,19
0,9,0,417425.48420301185,2,17279.014655362298,20000.0,0,19
0,10,0,190013.1669528531,2,17408.413156757895,20000.0,0,19
0,11,0,3007854.6748258574,0,18560.067774328796,20000.0,0,19
0,12,0,459726.26446044224,2,16711.02218314249,20000.0,0,19
0,13,0,15549968.016510695,2,18675.741424604978,20000.0,0,19
0,14,0,1133275.867952367,2,18219.543686063895,20000.0,0,19
0,15,1,24650154.61922999,1,18152.67243062841,20000.0,0,19
0,16,0,464695.9487148381,2,16700.965978898355,20000.0,0,19
0,17,0,62135.3120763388,2,16941.728502385587,20000.0,0,19
0,18,0,824994.6506825357,2,16332.622002499736,20000.0,0,19
0,19,0,6538222.966905117,1,17910.175665026258,20000.0,0,19
0,20,1,11334757.76242241,2,18061.949747345956,20000.0,0,19
0,21,0,395276.97640392894,1,15143.656736249832,20000.0,0,19
0,22,0,426636.866971936,1,17439.60864941961,20000.0,0,19
0,23,0,89472.54397695643,1,18025.47053276926,20000.0,0,19
0,24,0,14114151.247022195,1,18867.752788219033,20000.0,0,19
0,25,0,564825.6354176146,1,18614.56253789568,20000.0,0,19
0,26,1,12920369.693896253,1,18339.6572959357,20000.0,0,19
0,27,0,434372.45829403785,1,15661.644916059746,20000.0,0,19
0,28,0,2262271.701073406,1,17978.290822534673,20000.0,0,19
0,29,0,654880.0969536805,2,18026.698398440945,20000.0,0,19
0,30,0,361343.0379096582,2,17459.87206119752,20000.0,0,19
0,31,0,271543.7480046317,2,17984.93330536549,20000.0,0,19
0,32,0,89727.36420287404,2,17124.751380778333,20000.0,0,19
0,33,0,1014461.9041232644,2,17977.779744356296,20000.0,0,19
0,34,0,1573382.6766151448,1,17995.646186624486,20000.0,0,19
0,35,0,0.0,2,18102.90267776238,20000.0,0,19
0,36,0,899127.7536315458,2,18561.816612030198,20000.0,0,19
0,37,0,372783.0456779458,2,17557.156915599993,20000.0,0,19
0,38,0,0.0,2,15917.053870616597,20000.0,0,19
0,39,0,793987.6743567345,1,18223.130349108862,20000.0,0,19
0,40,0,644307.2254142531,2,16684.158468885933,20000.0,0,19
0,41,0,870550.8487633227,2,18118.993259231003,20000.0,0,19
0,42,0,7999073.300834198,2,18618.77324036739,20000.0,0,19
0,43,0,925967.6887859426,2,18575.27436622292,20000.0,0,19
0,44,0,0.0,2,15945.70996324387,20000.0,0,19
0,45,0,0.0,2,16987.133112112257,20000.0,0,19
0,46,0,0.0,2,16682.863535940152,20000.0,0,19
0,47,0,185069.88358770183,2,17385.835385780232,20000.0,0,19
0,48,0,1038258.4462116819,1,18667.34917286236,20000.0,0,19
0,49,0,1396982.622934629,1,18697.221846922253,20000.0,0,19
0,50,0,16554024.217678279,2,18466.79875924204,20000.0,0,19
0,51,0,451811.59153897595,1,17905.931272921956,20000.0,0,19
0,52,0,872971.3813874212,1,18312.371319049922,20000.0,0,19
0,53,0,73940.81659694761,1,16939.473933987996,20000.0,0,19
0,54,1,12121225.934872594,2,18193.82049176723,20000.0,0,19
0,55,0,213274.2119306205,2,16853.498014570076,20000.0,0,19
0,56,0,1013889.9734829948,2,18337.802746241687,20000.0,0,19
0,57,0,0.0,2,16700.29672347511,20000.0,0,19
0,58,0,0.0,2,17736.802559504813,20000.0,0,19
0,59,0,0.0,1,13640.686722382961,20000.0,0,19
0,60,0,1239719.2464132733,2,17284.314245910748,20000.0,0,19
0,61,0,272868.5794674234,2,18560.216557178475,20000.0,0,19
0,62,0,0.0,2,16537.003159426367,20000.0,0,19
0,63,0,180288.74226164946,2,15589.092983541157,20000.0,0,19
0,64,0,6140033.459558301,2,18678.54349579197,20000.0,0,19
0,65,0,0.0,2,14519.783201933195,20000.0,0,19
0,66,0,613232.8030358502,2,16362.280779980014,20000.0,0,19
0,67,0,287463.6259612171,2,17911.781202642782,20000.0,0,19
0,68,0,1158992.0483681504,2,17601.12150123684,20000.0,0,19
0,69,0,267031.37112221005,2,18805.736730358753,20000.0,0,19
0,70,0,2163126.8047945495,1,17953.10555787963,20000.0,0,19
0,71,0,1179523.5203058538,2,18030.231337019704,20000.0,0,19
0,72,0,561328.0105763373,1,18296.96193963104,20000.0,0,19
0,73,0,381741.46791430085,2,17247.134772221125,20000.0,0,19
0,74,0,74758.89866715015,2,15357.733290378152,20000.0,0,19
0,75,0,14744.761882403196,2,16623.895484442826,20000.0,0,19
0,76,0,0.0,1,16153.24430373656,20000.0,0,19
0,77,0,1675.7545704035147,2,17172.41182135886,20000.0,0,19
0,78,0,478690.6811209806,2,18458.380493194716,20000.0,0,19
0,79,0,440594.3572501172,2,16339.01479194664,20000.0,0,19
0,80,0,286473.66833171714,2,18089.6978264669,20000.0,0,19
0,81,0,724429.0797544479,1,18690.05839636552,20000.0,0,19
0,82,0,6968188.417158113,2,18042.665919589545,20000.0,0,19
0,83,0,13884950.083297089,1,17620.91955496635,20000.0,0,19
0,84,0,1354165.4928128403,2,18412.150534953445,20000.0,0,19
0,85,0,266903.48732782993,1,15061.068163953421,20000.0,0,19
0,86,0,1174113.5513125877,1,17554.371420325642,20000.0,0,19
0,87,2,10476754.309410108,2,17911.039594929254,20000.0,0,19
0,88,0,422069.4638279241,2,15936.794562706757,20000.0,0,19
0,89,0,215359.16669327757,2,17482.337939142606,20000.0,0,19
0,90,0,750012.4726483966,2,17737.550511159967,20000.0,0,19
0,91,0,12047993.021426192,1,18110.14136941997,20000.0,0,19
0,92,0,1256787.7399569992,2,18286.72977078292,20000.0,0,19
0,93,0,146588.18343804052,2,17176.818788273096,20000.0,0,19
0,94,0,299149.84191266965,2,16484.740242166365,20000.0,0,19
0,95,0,0.0,2,0.0,20000.0,0,19
0,96,0,0.0,1,16796.61766984517,20000.0,0,19
0,97,0,597714.540593402,1,16317.475301059323,20000.0,0,19
0,98,0,0.0,2,13200.108987871014,20000.0,0,19
0,99,0,0.0,2,18515.393337225458,20000.0,0,19
0,100,0,2174441.6734411507,1,18409.824630244897,20000.0,0,19
0,1,0,0.0,5,0.0,20000.0,0,19
0,2,0,0.0,5,0.0,20000.0,0,19
0,3,0,452942.5190387709,3,16891.400991576225,20000.0,0,19
0,4,0,0.0,4,0.0,20000.0,0,19
0,5,2,5178426.386539624,3,0.0,20000.0,0,19
0,6,0,61729.673793771835,3,16663.107785148106,20000.0,0,19
0,7,0,0.0,4,0.0,20000.0,0,19
0,8,0,102880.28067740894,5,0.0,20000.0,0,19
0,9,0,0.0,4,0.0,20000.0,0,19
0,10,0,163476.4111375004,5,0.0,20000.0,0,19
0,11,0,0.0,4,0.0,20000.0,0,19
0,12,0,0.0,3,0.0,20000.0,0,19
0,13,0,345394.07215278584,3,15478.516639590956,20000.0,0,19
0,14,0,252026.0988200598,5,0.0,20000.0,0,19
0,15,0,0.0,4,0.0,20000.0,0,19
0,16,0,0.0,5,0.0,20000.0,0,19
0,17,0,323636.3817730667,2,0.0,20000.0,0,19
0,18,0,0.0,3,0.0,20000.0,0,19
0,19,0,0.0,4,0.0,20000.0,0,19
0,20,0,411483.0458259629,4,16934.577603865397,20000.0,0,19
0,21,0,0.0,4,17638.72271058137,20000.0,0,19
0,22,0,0.0,4,0.0,20000.0,0,19
0,23,0,0.0,5,0.0,20000.0,0,19
0,24,0,471045.6162489016,4,0.0,20000.0,0,19
0,25,1,4319731.047874317,5,0.0,20000.0,0,19
0,26,0,7782.307053743105,5,0.0,20000.0,0,19
0,27,0,0.0,5,0.0,20000.0,0,19
0,28,1,2815840.118236219,5,0.0,20000.0,0,19
0,29,0,48818.34987054509,3,16029.226781090896,20000.0,0,19
0,30,0,0.0,4,0.0,20000.0,0,19
0,31,0,0.0,5,0.0,20000.0,0,19
0,32,1,3855036.337866046,3,0.0,20000.0,0,19
0,33,0,308499.1855142871,5,0.0,20000.0,0,19
0,34,0,0.0,5,0.0,20000.0,0,19
0,35,0,96131.35791112596,4,0.0,20000.0,0,19
0,36,0,178028.60143729683,3,17895.70871217183,20000.0,0,19
0,37,0,0.0,5,0.0,20000.0,0,19
0,38,0,0.0,5,0.0,20000.0,0,19
0,39,0,0.0,4,0.0,20000.0,0,19
0,40,0,225467.92021459903,4,14646.942145638599,20000.0,0,19
0,41,0,0.0,3,0.0,20000.0,0,19
0,42,0,1537.5603242000798,4,16194.82148935707,20000.0,0,19
0,43,0,48457.023877299885,5,0.0,20000.0,0,19
0,44,1,4683797.998028939,4,18105.111180909535,20000.0,0,19
0,45,0,0.0,4,0.0,20000.0,0,19
0,46,0,0.0,4,16951.556028460574,20000.0,0,19
0,47,1,9718690.496529687,3,17503.189235265378,20000.0,0,19
0,48,0,529675.8556067087,4,18322.69820083266,20000.0,0,19
0,49,0,5608.744057120639,2,15539.723320260498,20000.0,0,19
0,50,0,0.0,4,0.0,20000.0,0,19
0,51,0,0.0,5,0.0,20000.0,0,19
0,52,0,0.0,5,0.0,20000.0,0,19
0,53,0,0.0,3,0.0,20000.0,0,19
0,54,0,0.0,4,0.0,20000.0,0,19
0,55,0,0.0,5,0.0,20000.0,0,19
0,56,0,0.0,4,0.0,20000.0,0,19
0,57,0,191286.39201348496,2,0.0,20000.0,0,19
0,58,0,0.0,5,0.0,20000.0,0,19
0,59,0,809220.8588503704,4,0.0,20000.0,0,19
0,60,0,0.0,4,0.0,20000.0,0,19
0,61,0,0.0,5,0.0,20000.0,0,19
0,62,0,0.0,4,0.0,20000.0,0,19
0,63,0,126783.86467730472,5,0.0,20000.0,0,19
0,64,0,0.0,4,0.0,20000.0,0,19
0,65,0,57794.78559159493,2,18519.620734561737,20000.0,0,19
0,66,0,164726.7438214831,4,0.0,20000.0,0,19
0,67,0,175959.02917790372,4,0.0,20000.0,0,19
0,68,0,302961.6084876612,3,0.0,20000.0,0,19
0,69,0,5326.845025551302,5,0.0,20000.0,0,19
0,70,0,20394.140512938655,5,0.0,20000.0,0,19
0,71,0,0.0,5,0.0,20000.0,0,19
0,72,0,0.0,4,0.0,20000.0,0,19
0,73,0,67489.17422617917,4,0.0,20000.0,0,19
0,74,0,659389.9075979764,3,0.0,20000.0,0,19
0,75,0,367964.6851082058,4,0.0,20000.0,0,19
0,76,1,2701603.3379249545,3,0.0,20000.0,0,19
0,77,0,113289.85700767001,4,0.0,20000.0,0,19
0,78,0,223930.0117317164,2,0.0,20000.0,0,19
0,79,0,0.0,3,0.0,20000.0,0,19
0,80,0,233092.80583488801,4,0.0,20000.0,0,19
0,81,0,0.0,5,0.0,20000.0,0,19
0,82,0,0.0,5,0.0,20000.0,0,19
0,83,0,553249.2539504922,4,17784.679260964047,20000.0,0,19
0,84,0,0.0,5,0.0,20000.0,0,19
0,85,0,0.0,5,0.0,20000.0,0,19
0,86,0,0.0,4,0.0,20000.0,0,19
0,87,0,0.0,4,0.0,20000.0,0,19
0,88,0,2844154.7373866155,4,0.0,20000.0,0,19
0,89,0,0.0,5,0.0,20000.0,0,19
0,90,1,4744764.814931137,5,0.0,20000.0,0,19
0,91,0,0.0,4,0.0,20000.0,0,19
0,92,0,153188.06419136495,5,0.0,20000.0,0,19
0,93,2,624850.6708846344,4,0.0,20000.0,0,19
0,94,0,429132.6803912059,3,0.0,20000.0,0,19
0,95,0,59516.727883627114,5,0.0,20000.0,0,19
0,96,0,0.0,4,0.0,20000.0,0,19
0,97,0,0.0,4,0.0,20000.0,0,19
0,98,0,409587.3553130242,3,0.0,20000.0,0,19
0,99,0,1234503.834450337,1,17526.011207261916,20000.0,0,19
0,100,0,155459.96846973535,4,0.0,20000.0,0,19
0,1,0,741330.9486966794,2,17261.34810839617,20000.0,0,19
0,2,0,1147678.611410426,2,18032.526637830648,20000.0,0,19
0,3,0,132233.3918664476,1,16753.50431834128,20000.0,0,19
0,4,0,10148524.285107002,1,19019.862359199884,20000.0,0,19
0,5,0,437368.77301983593,2,17188.451242094776,20000.0,0,19
0,6,0,8577573.441105278,2,18682.220309598077,20000.0,0,19
0,7,0,0.0,1,16974.025820296483,20000.0,0,19
0,8,0,839763.9070515129,2,18210.71924519677,20000.0,0,19
0,9,0,0.0,2,17065.600748612964,20000.0,0,19
0,10,0,734647.2372434919,2,18165.857055176566,20000.0,0,19
0,11,0,70.0593843505194,2,16860.496790202487,20000.0,0,19
0,12,0,33992.363713725885,2,15101.949551133494,20000.0,0,19
0,13,0,64183.152746301676,2,17624.91317421051,20000.0,0,19
0,14,0,485057.59400840884,1,17571.063360019463,20000.0,0,19
0,15,0,293690.192898894,1,18996.53825795807,20000.0,0,19
0,16,0,9323601.41576885,1,19041.70829158214,20000.0,0,19
0,17,0,891022.2611661725,1,17190.290005129325,20000.0,0,19
0,18,0,855604.95738472,2,16968.306962391103,20000.0,0,19
0,19,0,468105.1451429548,2,17444.55555109714,20000.0,0,19
0,20,0,1305634.45176579,1,18460.72234562883,20000.0,0,19
0,21,0,163576.55578500906,2,16685.32441447936,20000.0,0,19
0,22,0,0.0,2,16598.924998979925,20000.0,0,19
0,23,0,0.0,2,16975.098283273695,20000.0,0,19
0,24,0,636141.6668427633,1,17639.413403937255,20000.0,0,19
0,25,0,0.0,1,14498.859116364614,20000.0,0,19
0,26,0,1227021.8818202373,2,17284.04527145691,20000.0,0,19
0,27,0,704936.877297786,2,17551.98242053967,20000.0,0,19
0,28,0,112964.46423358333,2,18543.69321154896,20000.0,0,19
0,29,0,394192.8338656044,2,17746.513009974533,20000.0,0,19
0,30,0,636081.9698837374,2,18475.004389360904,20000.0,0,19
0,31,0,603578.0992119928,2,16632.15018834821,20000.0,0,19
0,32,0,5442105.751542697,2,18239.158276225524,20000.0,0,19
0,33,0,7951216.018393623,2,18669.019923394324,20000.0,0,19
0,34,0,138553.58712657107,2,16707.694269926815,20000.0,0,19
0,35,0,8524495.477894522,2,18256.82770196574,20000.0,0,19
0,36,0,612822.0476709495,1,17106.850397257913,20000.0,0,19
0,37,0,5082284.724275693,2,19070.418532400552,20000.0,0,19
0,38,0,0.0,2,15657.493719475884,20000.0,0,19
0,39,0,832004.2561242876,2,17621.69274142,20000.0,0,19
0,40,0,812892.1910710245,0,16916.70164515813,20000.0,0,19
0,41,0,147185.81853450643,2,17856.92786106625,20000.0,0,19
0,42,0,153357.56524366015,1,18759.147610411026,20000.0,0,19
0,43,0,1018659.1122976013,2,17482.284222082275,20000.0,0,19
0,44,0,0.0,2,17830.632370073108,20000.0,0,19
0,45,0,593369.4293434047,2,17702.987900908447,20000.0,0,19
0,46,0,143193.39800050278,1,16930.944101104757,20000.0,0,19
0,47,0,1583227.985797249,0,17699.424136511232,20000.0,0,19
0,48,0,0.0,1,17535.94643695617,20000.0,0,19
0,49,2,6450845.087951045,2,18951.692698210783,20000.0,0,19
0,50,0,1282265.8919844048,2,16708.609035546975,20000.0,0,19
0,51,0,864278.0103416385,1,17555.326773155513,20000.0,0,19
0,52,0,920386.0186232418,1,16298.760462392976,20000.0,0,19
0,53,0,0.0,2,17587.87789739573,20000.0,0,19
0,54,0,37913.20564576256,2,17212.53767237826,20000.0,0,19
0,55,0,0.0,2,16230.967892412984,20000.0,0,19
0,56,0,233842.7532699347,2,17468.86327766775,20000.0,0,19
0,57,0,799908.2711940643,2,16266.23233413139,20000.0,0,19
0,58,0,6509.91157138758,1,17670.963518196993,20000.0,0,19
0,59,0,2085729.8687295404,1,18194.34012868363,20000.0,0,19
0,60,0,81427.52719490527,2,18471.287834200935,20000.0,0,19
0,61,0,1162269.3166865702,1,18655.445641482467,20000.0,0,19
0,62,0,405016.237520578,2,17319.165760439395,20000.0,0,19
0,63,0,0.0,2,18294.83923896631,20000.0,0,19
0,64,0,0.0,1,14618.204955913689,20000.0,0,19
0,65,0,1187845.0246084803,1,17870.464102411817,20000.0,0,19
0,66,0,0.0,1,13552.682315439584,20000.0,0,19
0,67,2,10629982.690124935,2,18562.654735883483,20000.0,0,19
0,68,0,517923.66746983794,1,16093.265998849647,20000.0,0,19
0,69,0,22576021.702579055,1,18704.313171121634,20000.0,0,19
0,70,1,7785040.692001151,2,18103.967780743755,20000.0,0,19
0,71,0,132131.76785517676,2,18686.86427406579,20000.0,0,19
0,72,0,0.0,1,13340.879247612216,20000.0,0,19
0,73,0,7025206.754010942,2,18697.151598042296,20000.0,0,19
0,74,0,2232463.4062972395,1,18100.10841484638,20000.0,0,19
0,75,0,817299.7095315452,1,18186.512141886957,20000.0,0,19
0,76,0,230959.83222055703,2,16930.084187463508,20000.0,0,19
0,77,0,0.0,1,14391.053197341464,20000.0,0,19
0,78,0,1724326.4846449557,1,18740.543578888984,20000.0,0,19
0,79,0,110819.73197093792,1,17157.620832397333,20000.0,0,19
0,80,0,0.0,2,12200.797929132308,20000.0,0,19
0,81,0,23652.311708461755,2,15304.35930903848,20000.0,0,19
0,82,0,151999.79692508894,2,17816.022558720255,20000.0,0,19
0,83,0,1026890.1150645895,1,17901.21180005042,20000.0,0,19
0,84,0,1000509.876584929,2,17382.584540235326,20000.0,0,19
0,85,0,44803.628285763494,2,17518.06300130944,20000.0,0,19
0,86,0,0.0,2,10624.411026272976,20000.0,0,19
0,87,0,924711.3823226691,2,16308.12181010081,20000.0,0,19
0,88,0,57089.79789152401,2,16883.17625902636,20000.0,0,19
0,89,0,1238233.4838366471,1,18684.986520056125,20000.0,0,19
0,90,0,284979.45058626577,2,17875.544227177805,20000.0,0,19
0,91,0,591061.9765873641,2,17138.372071017566,20000.0,0,19
0,92,0,0.0,1,18217.03256253675,20000.0,0,19
0,93,0,441023.2417652422,2,18040.10402228055,20000.0,0,19
0,94,0,0.0,1,18011.617557119986,20000.0,0,19
0,95,0,1440531.9613444288,1,16940.72911172495,20000.0,0,19
0,96,0,170724.4362949969,2,16978.472219469986,20000.0,0,19
0,97,0,1013015.9995210499,2,18802.62744772761,20000.0,0,19
0,98,0,311467.97626734764,2,17206.465690003704,20000.0,0,19
0,99,0,752926.9925639316,2,18384.30207945823,20000.0,0,19
0,100,0,801954.789436033,2,16945.40799194894,20000.0,0,19
0,1,0,169112.59749303246,3,0.0,20000.0,0,19
0,2,0,148416.40961590369,4,0.0,20000.0,0,19
0,3,0,31091.40651102508,4,0.0,20000.0,0,19
0,4,0,834109.8774863218,4,0.0,20000.0,0,19
0,5,0,1348091.1574568497,3,0.0,20000.0,0,19
0,6,0,0.0,3,0.0,20000.0,0,19
0,7,0,0.0,4,0.0,20000.0,0,19
0,8,0,588047.0481349692,4,0.0,20000.0,0,19
0,9,0,0.0,3,0.0,20000.0,0,19
0,10,0,1294962.8297895293,3,0.0,20000.0,0,19
0,11,0,482312.17304012296,3,0.0,20000.0,0,19
0,12,0,655086.6520113948,3,17551.634514269197,20000.0,0,19
0,13,0,372734.64357105875,4,0.0,20000.0,0,19
0,14,0,2051457.6374114514,4,0.0,20000.0,0,19
0,15,0,278930.3807799142,3,0.0,20000.0,0,19
0,16,0,0.0,4,0.0,20000.0,0,19
0,17,0,172600.47402781987,3,0.0,20000.0,0,19
0,18,0,0.0,4,0.0,20000.0,0,19
0,19,0,0.0,4,0.0,20000.0,0,19
0,20,0,12594.464919585196,2,17293.204835156528,20000.0,0,19
0,21,0,1131821.8960147845,3,18362.507911180466,20000.0,0,19
0,22,0,0.0,4,0.0,20000.0,0,19
0,23,0,0.0,3,16953.75665911985,20000.0,0,19
0,24,0,116393.74734456933,3,16662.42583218891,20000.0,0,19
0,25,0,186392.57297271688,3,0.0,20000.0,0,19
0,26,0,540200.1356053029,3,16483.007670557367,20000.0,0,19
0,27,0,0.0,3,0.0,20000.0,0,19
0,28,0,0.0,4,0.0,20000.0,0,19
0,29,0,0.0,3,0.0,20000.0,0,19
0,30,0,466391.96232131904,2,17264.009068402098,20000.0,0,19
0,31,0,239305.80388145207,3,16618.647427127446,20000.0,0,19
0,32,0,84347.88962598663,4,0.0,20000.0,0,19
0,33,0,20449.862338593695,3,0.0,20000.0,0,19
0,34,2,9210464.901369616,3,0.0,20000.0,0,19
0,35,0,1067903.2176838124,3,0.0,20000.0,0,19
0,36,0,0.0,3,0.0,20000.0,0,19
0,37,0,0.0,3,0.0,20000.0,0,19
0,38,0,240533.43627321773,3,0.0,20000.0,0,19
0,39,0,169095.83774852968,2,17499.425006637768,20000.0,0,19
0,40,0,0.0,4,0.0,20000.0,0,19
0,41,0,506706.43320582964,3,17320.69176299491,20000.0,0,19
0,42,0,7932965.747326964,2,18986.676805717805,20000.0,0,19
0,43,0,469788.09783585055,4,0.0,20000.0,0,19
0,44,0,805203.0767595413,2,17912.021987239994,20000.0,0,19
0,45,0,892798.2977872059,3,0.0,20000.0,0,19
0,46,0,538856.5928791672,3,0.0,20000.0,0,19
0,47,0,44198.47116718261,3,0.0,20000.0,0,19
0,48,0,329315.8506866327,3,18808.49640057238,20000.0,0,19
0,49,0,477167.53111687687,3,0.0,20000.0,0,19
0,50,0,11359957.585758807,2,18485.592033876383,20000.0,0,19
0,51,0,0.0,4,0.0,20000.0,0,19
0,52,0,0.0,4,0.0,20000.0,0,19
0,53,0,1354675.9921468177,3,0.0,20000.0,0,19
0,54,0,0.0,4,0.0,20000.0,0,19
0,55,0,0.0,4,0.0,20000.0,0,19
0,56,0,22961.412000166114,3,0.0,20000.0,0,19
0,57,0,16672778.105415782,3,17758.61801377404,20000.0,0,19
0,58,0,274786.52006547636,4,0.0,20000.0,0,19
0,59,0,0.0,4,0.0,20000.0,0,19
0,60,0,0.0,4,0.0,20000.0,0,19
0,61,0,25893.426991011278,4,0.0,20000.0,0,19
0,62,0,0.0,4,0.0,20000.0,0,19
0,63,0,54715.902744793915,3,0.0,20000.0,0,19
0,64,0,0.0,3,17071.00082046213,20000.0,0,19
0,65,0,0.0,2,18500.73620636811,20000.0,0,19
0,66,0,0.0,4,0.0,20000.0,0,19
0,67,0,498189.5195158358,2,0.0,20000.0,0,19
0,68,0,0.0,2,0.0,20000.0,0,19
0,69,0,0.0,4,0.0,20000.0,0,19
0,70,0,1528770.115465849,4,0.0,20000.0,0,19
0,71,0,0.0,3,0.0,20000.0,0,19
0,72,0,0.0,2,10239.902724784435,20000.0,0,19
0,73,0,0.0,3,14952.24407487916,20000.0,0,19
0,74,0,0.0,4,0.0,20000.0,0,19
0,75,0,0.0,3,0.0,20000.0,0,19
0,76,0,5202460.371173336,4,0.0,20000.0,0,19
0,77,0,0.0,3,0.0,20000.0,0,19
0,78,0,168727.09164440125,4,0.0,20000.0,0,19
0,79,0,133171.28734098843,4,0.0,20000.0,0,19
0,80,0,57531.404280126124,3,0.0,20000.0,0,19
0,81,0,0.0,3,18567.881917097697,20000.0,0,19
0,82,0,99152.4106173806,3,0.0,20000.0,0,19
0,83,0,0.0,3,0.0,20000.0,0,19
0,84,0,0.0,3,0.0,20000.0,0,19
0,85,0,0.0,3,0.0,20000.0,0,19
0,86,0,0.0,4,0.0,20000.0,0,19
0,87,0,0.0,3,0.0,20000.0,0,19
0,88,0,101726.63784555267,4,0.0,20000.0,0,19
0,89,0,0.0,4,0.0,20000.0,0,19
0,90,0,41739.994259145926,4,0.0,20000.0,0,19
0,91,0,0.0,3,0.0,20000.0,0,19
0,92,0,544271.8780008826,2,16905.6329468257,20000.0,0,19
0,93,0,962565.9010116355,2,17370.368066482002,20000.0,0,19
0,94,2,2703415.6510733934,3,0.0,20000.0,0,19
0,95,0,0.0,3,0.0,20000.0,0,19
0,96,0,0.0,2,0.0,20000.0,0,19
0,97,0,0.0,4,0.0,20000.0,0,19
0,98,0,518077.2974990738,3,0.0,20000.0,0,19
0,99,0,0.0,4,0.0,20000.0,0,19
0,100,0,40798.07745241793,4,0.0,20000.0,0,19
